# author : SVO Filter Profile Service
# source : svo2.cab.inta-csic.es/theory/fps
# date_created  : 2026-04-03
# date_modified : 2026-04-03
# type : filter:transmission
# status : measured
# description : HAWKI CH4 filter transmission curve
# wavelength_unit : um
wavelength  transmission
1.491100  0.004657
1.491300  0.003823
1.491500  0.004697
1.491700  0.004483
1.491900  0.004299
1.492100  0.005032
1.492300  0.005717
1.492500  0.005938
1.492700  0.006545
1.492900  0.005564
1.493100  0.006041
1.493300  0.007158
1.493500  0.005851
1.493700  0.006792
1.493900  0.006744
1.494100  0.007390
1.494300  0.007459
1.494500  0.007473
1.494700  0.007413
1.494900  0.009186
1.495100  0.008811
1.495300  0.009257
1.495500  0.009223
1.495700  0.009886
1.495900  0.010314
1.496100  0.010613
1.496300  0.011401
1.496500  0.012286
1.496700  0.011851
1.496900  0.012107
1.497100  0.013025
1.497300  0.013433
1.497500  0.014142
1.497700  0.014977
1.497900  0.015421
1.498100  0.015870
1.498300  0.016136
1.498500  0.016066
1.498700  0.017281
1.498900  0.017850
1.499100  0.018056
1.499300  0.019652
1.499500  0.020598
1.499700  0.021250
1.499900  0.022461
1.500100  0.023256
1.500300  0.023379
1.500500  0.024951
1.500700  0.025592
1.500900  0.026412
1.501100  0.027409
1.501300  0.028628
1.501500  0.028695
1.501700  0.029745
1.501900  0.031826
1.502100  0.032238
1.502300  0.034245
1.502500  0.034876
1.502700  0.036008
1.502900  0.036069
1.503100  0.037457
1.503300  0.039070
1.503500  0.041532
1.503700  0.042313
1.503900  0.044187
1.504100  0.044425
1.504300  0.046312
1.504500  0.047862
1.504700  0.048919
1.504900  0.050992
1.505100  0.052137
1.505300  0.053534
1.505500  0.055674
1.505700  0.057418
1.505900  0.058819
1.506100  0.061531
1.506300  0.063319
1.506500  0.064929
1.506700  0.067149
1.506900  0.069066
1.507100  0.071260
1.507300  0.073558
1.507500  0.075269
1.507700  0.077730
1.507900  0.080237
1.508100  0.082234
1.508300  0.083540
1.508500  0.087218
1.508700  0.090916
1.508900  0.092673
1.509100  0.095866
1.509300  0.098401
1.509500  0.102122
1.509700  0.104248
1.509900  0.108293
1.510100  0.111554
1.510300  0.114647
1.510500  0.118354
1.510700  0.122334
1.510900  0.125965
1.511100  0.130266
1.511300  0.134695
1.511500  0.138407
1.511700  0.142864
1.511900  0.148554
1.512100  0.152870
1.512300  0.158081
1.512500  0.163371
1.512700  0.169229
1.512900  0.174192
1.513100  0.180662
1.513300  0.186084
1.513500  0.193646
1.513700  0.200968
1.513900  0.206785
1.514100  0.215482
1.514300  0.221261
1.514500  0.230377
1.514700  0.238814
1.514900  0.247055
1.515100  0.256187
1.515300  0.264012
1.515500  0.275022
1.515700  0.285267
1.515900  0.295761
1.516100  0.305281
1.516300  0.319078
1.516500  0.329186
1.516700  0.341711
1.516900  0.352369
1.517100  0.366085
1.517300  0.378432
1.517500  0.392326
1.517700  0.406010
1.517900  0.418646
1.518100  0.435070
1.518300  0.449142
1.518500  0.464839
1.518700  0.478486
1.518900  0.495219
1.519100  0.511810
1.519300  0.527614
1.519500  0.542835
1.519700  0.559714
1.519900  0.574429
1.520100  0.591974
1.520300  0.607587
1.520500  0.624336
1.520700  0.640565
1.520900  0.655654
1.521100  0.671912
1.521300  0.689285
1.521500  0.704094
1.521700  0.718690
1.521900  0.734346
1.522100  0.746089
1.522300  0.759942
1.522500  0.773232
1.522700  0.785360
1.522900  0.796665
1.523100  0.807022
1.523300  0.817712
1.523500  0.827245
1.523700  0.836931
1.523900  0.844701
1.524100  0.852991
1.524300  0.858880
1.524500  0.864523
1.524700  0.869683
1.524900  0.876017
1.525100  0.880203
1.525300  0.883611
1.525500  0.887002
1.525700  0.888936
1.525900  0.891952
1.526100  0.892746
1.526300  0.895880
1.526500  0.895248
1.526700  0.897541
1.526900  0.897046
1.527100  0.895801
1.527300  0.898481
1.527500  0.897119
1.527700  0.894886
1.527900  0.895583
1.528100  0.893129
1.528300  0.892579
1.528500  0.891669
1.528700  0.890058
1.528900  0.889415
1.529100  0.887589
1.529300  0.885972
1.529500  0.883967
1.529700  0.883333
1.529900  0.882443
1.530100  0.881085
1.530300  0.878539
1.530500  0.877574
1.530700  0.876759
1.530900  0.877070
1.531100  0.875325
1.531300  0.874147
1.531500  0.873952
1.531700  0.872995
1.531900  0.871901
1.532100  0.870795
1.532300  0.871982
1.532500  0.870000
1.532700  0.870441
1.532900  0.868865
1.533100  0.868142
1.533300  0.869436
1.533500  0.867722
1.533700  0.868820
1.533900  0.868790
1.534100  0.870863
1.534300  0.869551
1.534500  0.870052
1.534700  0.870703
1.534900  0.871363
1.535100  0.872394
1.535300  0.872051
1.535500  0.871365
1.535700  0.872172
1.535900  0.872175
1.536100  0.873630
1.536300  0.874905
1.536500  0.874706
1.536700  0.876868
1.536900  0.877186
1.537100  0.876815
1.537300  0.878158
1.537500  0.878083
1.537700  0.879051
1.537900  0.878764
1.538100  0.878359
1.538300  0.880945
1.538500  0.882278
1.538700  0.882014
1.538900  0.883152
1.539100  0.883179
1.539300  0.883901
1.539500  0.884763
1.539700  0.885120
1.539900  0.884988
1.540100  0.883856
1.540300  0.883616
1.540500  0.885651
1.540700  0.886325
1.540900  0.886505
1.541100  0.886637
1.541300  0.886747
1.541500  0.886026
1.541700  0.887001
1.541900  0.886055
1.542100  0.885914
1.542300  0.886380
1.542500  0.884786
1.542700  0.886373
1.542900  0.886304
1.543100  0.886650
1.543300  0.885789
1.543500  0.885792
1.543700  0.884466
1.543900  0.884757
1.544100  0.885678
1.544300  0.884019
1.544500  0.884936
1.544700  0.883531
1.544900  0.885086
1.545100  0.882891
1.545300  0.883901
1.545500  0.883919
1.545700  0.883551
1.545900  0.882624
1.546100  0.881744
1.546300  0.881270
1.546500  0.881146
1.546700  0.881741
1.546900  0.879426
1.547100  0.880020
1.547300  0.878927
1.547500  0.879072
1.547700  0.879346
1.547900  0.877435
1.548000  0.879854
1.548200  0.879204
1.548500  0.878337
1.548700  0.877537
1.548800  0.877281
1.549000  0.876848
1.549200  0.877742
1.549400  0.876461
1.549600  0.876919
1.549800  0.876778
1.550000  0.877144
1.550200  0.874904
1.550400  0.875656
1.550600  0.876584
1.550800  0.875680
1.551000  0.875914
1.551200  0.875268
1.551400  0.874782
1.551600  0.874182
1.551800  0.874360
1.552000  0.874605
1.552200  0.876592
1.552400  0.875599
1.552600  0.874659
1.552800  0.875051
1.553000  0.874535
1.553200  0.873580
1.553400  0.874157
1.553600  0.873828
1.553800  0.872532
1.554000  0.873285
1.554200  0.872998
1.554400  0.872341
1.554600  0.873147
1.554800  0.872711
1.555000  0.872682
1.555200  0.872111
1.555400  0.870728
1.555600  0.871411
1.555800  0.869778
1.556000  0.871091
1.556200  0.870876
1.556400  0.870775
1.556600  0.869762
1.556800  0.869530
1.557000  0.869892
1.557200  0.868956
1.557400  0.868217
1.557600  0.867655
1.557800  0.867123
1.558000  0.867606
1.558200  0.866376
1.558400  0.865209
1.558600  0.865069
1.558800  0.865344
1.559000  0.863299
1.559200  0.862077
1.559400  0.862757
1.559600  0.860779
1.559800  0.859975
1.560000  0.860146
1.560200  0.858915
1.560400  0.857618
1.560600  0.855835
1.560800  0.856903
1.561000  0.855077
1.561200  0.854398
1.561400  0.854178
1.561600  0.854717
1.561800  0.853021
1.562000  0.852737
1.562200  0.852673
1.562400  0.849940
1.562600  0.848992
1.562800  0.847974
1.563000  0.846615
1.563200  0.847040
1.563400  0.844805
1.563600  0.844699
1.563800  0.844376
1.564000  0.843113
1.564200  0.841539
1.564400  0.841640
1.564600  0.840912
1.564800  0.840595
1.565000  0.839294
1.565200  0.839938
1.565400  0.839269
1.565600  0.837408
1.565800  0.836567
1.566000  0.836896
1.566200  0.835155
1.566400  0.834825
1.566600  0.834452
1.566800  0.833292
1.567000  0.834647
1.567200  0.833427
1.567400  0.832763
1.567600  0.832597
1.567800  0.831047
1.568000  0.831109
1.568200  0.830968
1.568400  0.829720
1.568600  0.829156
1.568800  0.828874
1.569000  0.828485
1.569200  0.830201
1.569400  0.830044
1.569600  0.830024
1.569800  0.830692
1.570000  0.830183
1.570200  0.829815
1.570400  0.830056
1.570600  0.829423
1.570800  0.830015
1.571000  0.829784
1.571200  0.829688
1.571400  0.830293
1.571600  0.829751
1.571800  0.830400
1.572000  0.831593
1.572200  0.831564
1.572400  0.832156
1.572600  0.830889
1.572800  0.831396
1.573000  0.831600
1.573200  0.831408
1.573400  0.831125
1.573600  0.832364
1.573800  0.834401
1.574000  0.835862
1.574200  0.834828
1.574400  0.834305
1.574600  0.836000
1.574800  0.836060
1.575000  0.836965
1.575200  0.837473
1.575400  0.836835
1.575600  0.838055
1.575800  0.837409
1.576000  0.838280
1.576200  0.839171
1.576400  0.839878
1.576600  0.840823
1.576800  0.840265
1.577000  0.840838
1.577200  0.841154
1.577400  0.840436
1.577600  0.843309
1.577800  0.842059
1.578000  0.843104
1.578200  0.843775
1.578400  0.843016
1.578600  0.844376
1.578800  0.844336
1.579000  0.845121
1.579200  0.844611
1.579400  0.844726
1.579600  0.845241
1.579800  0.844783
1.580000  0.844632
1.580200  0.845648
1.580400  0.845234
1.580600  0.846523
1.580800  0.846454
1.581000  0.845735
1.581200  0.847234
1.581400  0.847731
1.581600  0.848002
1.581800  0.847501
1.582000  0.846549
1.582200  0.844492
1.582400  0.845366
1.582600  0.845693
1.582800  0.845570
1.583000  0.846539
1.583200  0.846586
1.583400  0.845256
1.583600  0.846057
1.583800  0.845968
1.584000  0.846440
1.584200  0.845298
1.584400  0.845311
1.584600  0.844887
1.584800  0.845429
1.585000  0.845146
1.585200  0.844484
1.585400  0.843224
1.585600  0.845554
1.585800  0.844711
1.586000  0.844142
1.586200  0.844095
1.586400  0.843666
1.586600  0.843385
1.586800  0.844374
1.587000  0.843659
1.587200  0.843841
1.587400  0.842638
1.587600  0.843153
1.587800  0.842960
1.588000  0.842858
1.588200  0.843099
1.588400  0.843274
1.588600  0.842551
1.588800  0.842336
1.589000  0.843295
1.589200  0.843571
1.589400  0.842737
1.589600  0.843848
1.589800  0.843014
1.590000  0.843476
1.590200  0.844839
1.590400  0.843562
1.590600  0.845345
1.590800  0.845362
1.591000  0.845192
1.591200  0.845470
1.591400  0.844697
1.591600  0.846296
1.591800  0.846913
1.592000  0.846755
1.592200  0.845707
1.592400  0.847105
1.592600  0.846745
1.592800  0.848821
1.593000  0.847360
1.593200  0.847292
1.593400  0.849533
1.593600  0.848701
1.593800  0.849812
1.594000  0.850122
1.594200  0.851294
1.594400  0.853083
1.594600  0.852705
1.594800  0.852370
1.595000  0.852348
1.595200  0.853805
1.595400  0.852900
1.595600  0.854735
1.595800  0.854370
1.596000  0.855917
1.596200  0.856092
1.596400  0.856133
1.596600  0.855802
1.596800  0.856618
1.597000  0.856327
1.597200  0.856279
1.597400  0.856597
1.597600  0.856344
1.597800  0.858075
1.598000  0.857362
1.598200  0.857901
1.598400  0.857535
1.598600  0.857338
1.598800  0.857928
1.599000  0.858760
1.599200  0.857651
1.599400  0.857169
1.599600  0.856265
1.599800  0.858181
1.600000  0.856463
1.600200  0.857607
1.600400  0.855690
1.600600  0.855175
1.600800  0.854277
1.601000  0.854671
1.601200  0.853312
1.601400  0.851118
1.601600  0.851459
1.601800  0.849879
1.602000  0.848932
1.602200  0.848067
1.602400  0.848522
1.602600  0.846291
1.602800  0.845826
1.603000  0.843955
1.603200  0.842018
1.603400  0.841641
1.603600  0.839936
1.603800  0.838749
1.604000  0.837019
1.604200  0.835343
1.604400  0.832554
1.604600  0.830968
1.604800  0.830277
1.605000  0.826974
1.605200  0.824561
1.605400  0.824161
1.605600  0.821186
1.605800  0.819429
1.606000  0.818640
1.606200  0.815299
1.606400  0.812521
1.606600  0.811356
1.606800  0.809162
1.607000  0.807449
1.607200  0.804626
1.607400  0.802943
1.607600  0.802198
1.607800  0.799864
1.608000  0.798111
1.608200  0.796956
1.608400  0.793231
1.608600  0.791802
1.608800  0.790069
1.609000  0.787567
1.609200  0.785302
1.609400  0.784400
1.609600  0.782008
1.609800  0.781847
1.610000  0.778494
1.610200  0.777376
1.610400  0.777148
1.610600  0.774728
1.610800  0.773113
1.611000  0.772546
1.611200  0.771036
1.611400  0.769344
1.611600  0.769272
1.611800  0.767993
1.612000  0.768329
1.612200  0.767309
1.612400  0.765195
1.612600  0.764623
1.612800  0.764059
1.613000  0.764578
1.613200  0.763252
1.613400  0.763453
1.613600  0.764026
1.613800  0.764179
1.614000  0.763208
1.614200  0.764202
1.614400  0.764478
1.614600  0.764931
1.614800  0.766396
1.615000  0.766112
1.615200  0.766521
1.615400  0.768816
1.615600  0.768672
1.615800  0.769745
1.616000  0.770685
1.616200  0.772519
1.616400  0.775779
1.616600  0.776386
1.616800  0.778020
1.617000  0.778852
1.617200  0.782013
1.617400  0.785271
1.617600  0.787665
1.617800  0.789261
1.618000  0.792324
1.618200  0.794864
1.618400  0.796417
1.618600  0.800868
1.618800  0.802444
1.619000  0.806633
1.619200  0.807905
1.619400  0.810478
1.619600  0.813670
1.619800  0.818608
1.620000  0.819281
1.620200  0.824907
1.620400  0.827626
1.620600  0.828946
1.620800  0.835138
1.621000  0.835113
1.621200  0.838991
1.621400  0.843216
1.621600  0.846357
1.621800  0.848354
1.622000  0.850680
1.622200  0.851923
1.622400  0.856694
1.622600  0.857565
1.622800  0.860108
1.623000  0.862775
1.623200  0.862372
1.623400  0.863720
1.623600  0.864283
1.623800  0.865547
1.624000  0.866437
1.624200  0.865980
1.624400  0.866171
1.624600  0.864150
1.624800  0.862400
1.625000  0.859859
1.625200  0.858492
1.625400  0.855571
1.625600  0.851830
1.625800  0.849303
1.626000  0.842428
1.626200  0.838662
1.626400  0.831952
1.626600  0.827133
1.626800  0.818774
1.627000  0.812055
1.627200  0.804235
1.627400  0.798318
1.627600  0.786241
1.627800  0.777356
1.628000  0.767798
1.628200  0.756525
1.628400  0.748503
1.628600  0.734067
1.628800  0.723203
1.629000  0.710477
1.629200  0.700179
1.629400  0.686662
1.629600  0.674603
1.629800  0.660637
1.630000  0.649063
1.630200  0.633504
1.630400  0.620420
1.630600  0.604213
1.630800  0.590470
1.631000  0.577093
1.631200  0.563394
1.631400  0.549553
1.631600  0.533953
1.631800  0.525205
1.632000  0.506093
1.632200  0.496038
1.632400  0.479691
1.632600  0.469886
1.632800  0.453669
1.633000  0.442138
1.633200  0.427267
1.633400  0.415629
1.633600  0.404329
1.633800  0.390515
1.634000  0.380157
1.634200  0.366558
1.634400  0.358438
1.634600  0.344606
1.634800  0.337296
1.635000  0.324417
1.635200  0.315372
1.635400  0.303859
1.635600  0.295953
1.635800  0.285142
1.636000  0.276229
1.636200  0.267016
1.636400  0.258006
1.636600  0.250970
1.636800  0.242016
1.637000  0.236590
1.637200  0.226618
1.637400  0.220789
1.637600  0.212095
1.637800  0.205973
1.638000  0.198579
1.638200  0.192856
1.638400  0.186274
1.638600  0.180111
1.638800  0.174121
1.639000  0.167973
1.639200  0.163399
1.639400  0.157640
1.639600  0.152790
1.639800  0.147140
1.640000  0.143906
1.640200  0.137922
1.640400  0.134470
1.640600  0.130287
1.640800  0.124416
1.641000  0.120916
1.641200  0.118124
1.641400  0.114366
1.641600  0.110221
1.641800  0.106781
1.642000  0.103540
1.642200  0.101273
1.642400  0.096539
1.642600  0.094087
1.642800  0.091238
1.643000  0.088757
1.643200  0.084222
1.643400  0.083218
1.643600  0.079535
1.643800  0.077746
1.644000  0.074466
1.644200  0.072229
1.644400  0.070261
1.644600  0.068189
1.644800  0.066140
1.645000  0.064239
1.645200  0.062267
1.645400  0.060154
1.645600  0.058138
1.645800  0.056525
1.646000  0.054424
1.646200  0.051689
1.646400  0.051771
1.646600  0.049664
1.646800  0.048036
1.647000  0.045575
1.647200  0.044381
1.647400  0.043863
1.647600  0.041346
1.647800  0.041493
1.648000  0.038759
1.648200  0.037854
1.648300  0.037032
1.648500  0.036237
1.648800  0.033948
1.648900  0.034298
1.649100  0.033082
1.649300  0.031180
1.649500  0.030901
1.649700  0.030351
1.649900  0.028998
1.650100  0.027649
1.650300  0.026662
1.650500  0.027030
1.650700  0.025478
1.650900  0.025718
1.651100  0.023042
1.651300  0.022894
1.651500  0.022288
1.651700  0.022513
1.651900  0.020695
1.652100  0.019692
1.652300  0.019027
1.652500  0.019934
1.652700  0.019786
1.652900  0.017355
1.653100  0.017349
1.653300  0.017048
1.653500  0.016669
1.653700  0.016050
1.653900  0.015222
1.654100  0.015175
1.654300  0.015433
1.654500  0.013931
1.654700  0.013213
1.654900  0.014376
1.655100  0.013042
1.655300  0.012688
1.655500  0.012275
1.655700  0.012366
1.655900  0.011124
1.656100  0.010700
1.656300  0.010533
1.656500  0.009907
1.656700  0.010225
1.656900  0.010075
1.657100  0.008419
1.657300  0.008991
1.657500  0.008814
1.657700  0.008881
1.657900  0.008596
1.658100  0.007877
1.658300  0.008272
1.658500  0.007151
1.658700  0.009184
1.658900  0.007237
1.659100  0.007254
1.659300  0.007239
1.659500  0.007474
1.659700  0.007121
1.659900  0.005731
1.660100  0.006557
1.660300  0.006562
1.660500  0.005967
1.660700  0.006074
1.660900  0.005984
1.661100  0.004999
1.661300  0.005318
1.661500  0.005441
1.661700  0.005339
1.661900  0.005359
1.662100  0.004752
1.662300  0.005133
1.662500  0.004570
1.662700  0.004969
1.662900  0.005144
1.663100  0.004326
