# author : SVO Filter Profile Service
# source : svo2.cab.inta-csic.es/theory/fps
# date_created  : 2026-04-03
# date_modified : 2026-04-03
# type : filter:transmission
# status : measured
# description : HAWKI H2 filter transmission curve
# wavelength_unit : um
wavelength  transmission
2.094100  0.004093
2.094300  0.004338
2.094500  0.004582
2.094700  0.004819
2.094900  0.005009
2.095100  0.005310
2.095300  0.005545
2.095500  0.005813
2.095700  0.006138
2.095900  0.006454
2.096100  0.006756
2.096300  0.007129
2.096500  0.007535
2.096700  0.007889
2.096900  0.008332
2.097100  0.008765
2.097300  0.009279
2.097500  0.009830
2.097700  0.010253
2.097900  0.010854
2.098100  0.011409
2.098300  0.012059
2.098500  0.012678
2.098700  0.013391
2.098900  0.014201
2.099100  0.015047
2.099300  0.015849
2.099500  0.016808
2.099700  0.017822
2.099900  0.018763
2.100100  0.019953
2.100300  0.021039
2.100500  0.022338
2.100700  0.023851
2.100900  0.025199
2.101100  0.026642
2.101300  0.028186
2.101500  0.029992
2.101700  0.031774
2.101900  0.033803
2.102100  0.035817
2.102300  0.038221
2.102500  0.040622
2.102700  0.043253
2.102900  0.046001
2.103100  0.048750
2.103300  0.051954
2.103500  0.055183
2.103700  0.058712
2.103900  0.062253
2.104100  0.066410
2.104300  0.070665
2.104500  0.075170
2.104700  0.079681
2.104900  0.085207
2.105100  0.090324
2.105300  0.096384
2.105500  0.102091
2.105700  0.108933
2.105900  0.115591
2.106100  0.123054
2.106300  0.130425
2.106500  0.138363
2.106700  0.146915
2.106900  0.155312
2.107100  0.164916
2.107300  0.173669
2.107500  0.185422
2.107700  0.195507
2.107900  0.207821
2.108100  0.218714
2.108300  0.231166
2.108500  0.243639
2.108700  0.256519
2.108900  0.269472
2.109100  0.282929
2.109300  0.297515
2.109500  0.311739
2.109700  0.327548
2.109900  0.340142
2.110100  0.357728
2.110200  0.371663
2.110400  0.389507
2.110600  0.403306
2.110800  0.421410
2.111000  0.437609
2.111200  0.453436
2.111400  0.469511
2.111600  0.484647
2.111800  0.500991
2.112000  0.515091
2.112200  0.531638
2.112400  0.543909
2.112600  0.561524
2.112800  0.574081
2.113000  0.589648
2.113200  0.601580
2.113400  0.615634
2.113600  0.627426
2.113800  0.640858
2.114000  0.651186
2.114200  0.661295
2.114400  0.672759
2.114600  0.681435
2.114800  0.690903
2.115000  0.697511
2.115200  0.706531
2.115400  0.713536
2.115600  0.721995
2.115800  0.726347
2.116000  0.732779
2.116200  0.737860
2.116400  0.744505
2.116600  0.751056
2.116800  0.753183
2.117000  0.755546
2.117200  0.759003
2.117400  0.761674
2.117600  0.764522
2.117800  0.767746
2.118000  0.770414
2.118200  0.772969
2.118400  0.773878
2.118600  0.775800
2.118800  0.777070
2.119000  0.778218
2.119200  0.779365
2.119400  0.779814
2.119600  0.779442
2.119800  0.779467
2.120000  0.782017
2.120200  0.786373
2.120400  0.788308
2.120600  0.783762
2.120800  0.777267
2.121000  0.776797
2.121200  0.781602
2.121400  0.783101
2.121600  0.783203
2.121800  0.783359
2.122000  0.783467
2.122200  0.783272
2.122400  0.783179
2.122600  0.783562
2.122800  0.783591
2.123000  0.783127
2.123200  0.783330
2.123400  0.783281
2.123600  0.782610
2.123800  0.782452
2.124000  0.782229
2.124200  0.781157
2.124400  0.781280
2.124600  0.780934
2.124800  0.780499
2.125000  0.780616
2.125200  0.780076
2.125400  0.779297
2.125600  0.778478
2.125800  0.777953
2.126000  0.777289
2.126200  0.776864
2.126400  0.776098
2.126600  0.776182
2.126800  0.774938
2.127000  0.774367
2.127200  0.774299
2.127400  0.773812
2.127600  0.772693
2.127800  0.772404
2.128000  0.772030
2.128200  0.771228
2.128400  0.770987
2.128600  0.769422
2.128800  0.770864
2.129000  0.771130
2.129200  0.770245
2.129400  0.769316
2.129600  0.768760
2.129800  0.768788
2.130000  0.768534
2.130200  0.767782
2.130400  0.769261
2.130600  0.769356
2.130800  0.769466
2.131000  0.769586
2.131200  0.769955
2.131400  0.770325
2.131600  0.770851
2.131800  0.771009
2.132000  0.771282
2.132200  0.771283
2.132400  0.771385
2.132600  0.771057
2.132800  0.770827
2.133000  0.770734
2.133200  0.770238
2.133400  0.768576
2.133600  0.767222
2.133800  0.765691
2.134000  0.763579
2.134200  0.760515
2.134400  0.757458
2.134600  0.752541
2.134800  0.748514
2.135000  0.742979
2.135200  0.736942
2.135400  0.729785
2.135600  0.722674
2.135800  0.713827
2.136000  0.704301
2.136200  0.694112
2.136400  0.682629
2.136600  0.671403
2.136800  0.655604
2.137000  0.642006
2.137200  0.625685
2.137400  0.612867
2.137600  0.594269
2.137800  0.577839
2.138000  0.558069
2.138200  0.541378
2.138400  0.520760
2.138600  0.500461
2.138800  0.481772
2.139000  0.462183
2.139200  0.444231
2.139400  0.420869
2.139600  0.403239
2.139800  0.381470
2.140000  0.364011
2.140200  0.342362
2.140400  0.325474
2.140600  0.305864
2.140800  0.289660
2.141000  0.271803
2.141200  0.255110
2.141400  0.239718
2.141600  0.224566
2.141800  0.211431
2.142000  0.196351
2.142200  0.184735
2.142400  0.171322
2.142600  0.161707
2.142800  0.149202
2.143000  0.140773
2.143200  0.130095
2.143400  0.122008
2.143600  0.112683
2.143700  0.105305
2.143900  0.097848
2.144100  0.091254
2.144300  0.085657
2.144500  0.079587
2.144700  0.075066
2.144900  0.069331
2.145100  0.065423
2.145300  0.060241
2.145500  0.056777
2.145700  0.052685
2.145900  0.049588
2.146100  0.046021
2.146300  0.043124
2.146500  0.040493
2.146700  0.037853
2.146900  0.035746
2.147100  0.033298
2.147300  0.031521
2.147500  0.029323
2.147700  0.027914
2.147900  0.026000
2.148100  0.024619
2.148300  0.023083
2.148500  0.021855
2.148700  0.020577
2.148900  0.019403
2.149100  0.018263
2.149300  0.017316
2.149500  0.016384
2.149700  0.015493
2.149900  0.014706
2.150100  0.013953
2.150300  0.013283
2.150500  0.012450
2.150700  0.011851
2.150900  0.011212
2.151100  0.010709
2.151300  0.010093
2.151500  0.009693
2.151700  0.009191
2.151900  0.008754
2.152100  0.008358
2.152300  0.007902
2.152500  0.007641
2.152700  0.007273
2.152900  0.006936
2.153100  0.006592
2.153300  0.006303
2.153500  0.006044
