# author : MAVIS package
# source : SVO Filter Profile Service, filter ID SLOAN/SDSS.rprime_filter
# source_reference : http://filters.apo.nmsu.edu/curves/SDSS/
# source_components : Filter
# date_created  : 2026-08-19
# date_modified : 2026-08-19
# type : filter:transmission
# status : development
# description : SDSS r' filter-only transmission (USNO 40-inch measurement). Stand-in for the not-yet-measured MAVIS filter of the same name; filter glass only, detector QE and telescope reflectivity are applied separately by ScopeSim.
# wavelength_unit : um
# changes :
# - 2026-08-19 Fetched from SVO, replacing the earlier top-hat approximation
wavelength  transmission
0.534300  0.000109
0.534400  0.000122
0.534500  0.000136
0.534600  0.000150
0.534700  0.000165
0.534800  0.000181
0.534900  0.000197
0.535000  0.000214
0.535100  0.000232
0.535200  0.000250
0.535300  0.000269
0.535400  0.000290
0.535500  0.000313
0.535600  0.000337
0.535700  0.000363
0.535800  0.000392
0.535900  0.000424
0.536000  0.000458
0.536100  0.000495
0.536200  0.000536
0.536300  0.000580
0.536400  0.000628
0.536500  0.000679
0.536600  0.000734
0.536700  0.000792
0.536800  0.000855
0.536900  0.000921
0.537000  0.000992
0.537100  0.001067
0.537200  0.001147
0.537300  0.001231
0.537400  0.001321
0.537500  0.001417
0.537600  0.001519
0.537700  0.001628
0.537800  0.001744
0.537900  0.001868
0.538000  0.001999
0.538100  0.002139
0.538200  0.002287
0.538300  0.002446
0.538400  0.002614
0.538500  0.002793
0.538600  0.002984
0.538700  0.003187
0.538800  0.003403
0.538900  0.003633
0.539000  0.003876
0.539100  0.004134
0.539200  0.004408
0.539300  0.004698
0.539400  0.005005
0.539500  0.005330
0.539600  0.005673
0.539700  0.006036
0.539800  0.006419
0.539900  0.006823
0.540000  0.007248
0.540100  0.007696
0.540200  0.008167
0.540300  0.008662
0.540400  0.009183
0.540500  0.009729
0.540600  0.010302
0.540700  0.010903
0.540800  0.011532
0.540900  0.012191
0.541000  0.012880
0.541100  0.013600
0.541200  0.014352
0.541300  0.015137
0.541400  0.015955
0.541500  0.016807
0.541600  0.017695
0.541700  0.018618
0.541800  0.019578
0.541900  0.020575
0.542000  0.021610
0.542100  0.022684
0.542200  0.023798
0.542300  0.024953
0.542400  0.026149
0.542500  0.027387
0.542600  0.028668
0.542700  0.029993
0.542800  0.031363
0.542900  0.032778
0.543000  0.034240
0.543100  0.035749
0.543200  0.037305
0.543300  0.038908
0.543400  0.040559
0.543500  0.042258
0.543600  0.044006
0.543700  0.045801
0.543800  0.047645
0.543900  0.049538
0.544000  0.051480
0.544100  0.053471
0.544200  0.055511
0.544300  0.057599
0.544400  0.059737
0.544500  0.061923
0.544600  0.064158
0.544700  0.066441
0.544800  0.068773
0.544900  0.071152
0.545000  0.073580
0.545100  0.076056
0.545200  0.078580
0.545300  0.081151
0.545400  0.083771
0.545500  0.086439
0.545600  0.089155
0.545700  0.091919
0.545800  0.094731
0.545900  0.097592
0.546000  0.100500
0.546100  0.103456
0.546200  0.106460
0.546300  0.109508
0.546400  0.112601
0.546500  0.115736
0.546600  0.118912
0.546700  0.122128
0.546800  0.125382
0.546900  0.128673
0.547000  0.132000
0.547100  0.135361
0.547200  0.138758
0.547300  0.142192
0.547400  0.145665
0.547500  0.149178
0.547600  0.152733
0.547700  0.156331
0.547800  0.159974
0.547900  0.163663
0.548000  0.167400
0.548100  0.171186
0.548200  0.175022
0.548300  0.178907
0.548400  0.182842
0.548500  0.186827
0.548600  0.190861
0.548700  0.194946
0.548800  0.199080
0.548900  0.203265
0.549000  0.207500
0.549100  0.211785
0.549200  0.216117
0.549300  0.220493
0.549400  0.224911
0.549500  0.229366
0.549600  0.233856
0.549700  0.238377
0.549800  0.242927
0.549900  0.247502
0.550000  0.252100
0.550100  0.256717
0.550200  0.261355
0.550300  0.266014
0.550400  0.270694
0.550500  0.275398
0.550600  0.280126
0.550700  0.284879
0.550800  0.289659
0.550900  0.294465
0.551000  0.299300
0.551100  0.304164
0.551200  0.309057
0.551300  0.313980
0.551400  0.318933
0.551500  0.323916
0.551600  0.328931
0.551700  0.333976
0.551800  0.339052
0.551900  0.344160
0.552000  0.349300
0.552100  0.354471
0.552200  0.359670
0.552300  0.364892
0.552400  0.370132
0.552500  0.375386
0.552600  0.380649
0.552700  0.385916
0.552800  0.391184
0.552900  0.396447
0.553000  0.401700
0.553100  0.406940
0.553200  0.412165
0.553300  0.417374
0.553400  0.422566
0.553500  0.427740
0.553600  0.432895
0.553700  0.438029
0.553800  0.443142
0.553900  0.448233
0.554000  0.453300
0.554100  0.458343
0.554200  0.463359
0.554300  0.468349
0.554400  0.473310
0.554500  0.478241
0.554600  0.483140
0.554700  0.488008
0.554800  0.492841
0.554900  0.497639
0.555000  0.502400
0.555100  0.507123
0.555200  0.511804
0.555300  0.516440
0.555400  0.521026
0.555500  0.525560
0.555600  0.530037
0.555700  0.534453
0.555800  0.538804
0.555900  0.543088
0.556000  0.547300
0.556100  0.551437
0.556200  0.555499
0.556300  0.559487
0.556400  0.563402
0.556500  0.567245
0.556600  0.571016
0.556700  0.574716
0.556800  0.578346
0.556900  0.581907
0.557000  0.585400
0.557100  0.588825
0.557200  0.592185
0.557300  0.595483
0.557400  0.598719
0.557500  0.601898
0.557600  0.605020
0.557700  0.608090
0.557800  0.611108
0.557900  0.614077
0.558000  0.617000
0.558100  0.619878
0.558200  0.622713
0.558300  0.625503
0.558400  0.628249
0.558500  0.630952
0.558600  0.633610
0.558700  0.636223
0.558800  0.638793
0.558900  0.641319
0.559000  0.643800
0.559100  0.646238
0.559200  0.648634
0.559300  0.650993
0.559400  0.653317
0.559500  0.655609
0.559600  0.657872
0.559700  0.660110
0.559800  0.662325
0.559900  0.664521
0.560000  0.666700
0.560100  0.668866
0.560200  0.671020
0.560300  0.673164
0.560400  0.675299
0.560500  0.677426
0.560600  0.679548
0.560700  0.681664
0.560800  0.683777
0.560900  0.685889
0.561000  0.688000
0.561100  0.690112
0.561200  0.692225
0.561300  0.694340
0.561400  0.696456
0.561500  0.698574
0.561600  0.700694
0.561700  0.702816
0.561800  0.704941
0.561900  0.707069
0.562000  0.709200
0.562100  0.711334
0.562200  0.713473
0.562300  0.715617
0.562400  0.717768
0.562500  0.719928
0.562600  0.722098
0.562700  0.724279
0.562800  0.726472
0.562900  0.728678
0.563000  0.730900
0.563100  0.733137
0.563200  0.735390
0.563300  0.737656
0.563400  0.739935
0.563500  0.742225
0.563600  0.744525
0.563700  0.746834
0.563800  0.749150
0.563900  0.751472
0.564000  0.753800
0.564100  0.756131
0.564200  0.758465
0.564300  0.760801
0.564400  0.763137
0.564500  0.765472
0.564600  0.767805
0.564700  0.770136
0.564800  0.772463
0.564900  0.774784
0.565000  0.777100
0.565100  0.779408
0.565200  0.781708
0.565300  0.783997
0.565400  0.786274
0.565500  0.788538
0.565600  0.790786
0.565700  0.793018
0.565800  0.795232
0.565900  0.797427
0.566000  0.799600
0.566100  0.801750
0.566200  0.803876
0.566300  0.805973
0.566400  0.808042
0.566500  0.810078
0.566600  0.812080
0.566700  0.814045
0.566800  0.815972
0.566900  0.817858
0.567000  0.819700
0.567100  0.821497
0.567200  0.823249
0.567300  0.824956
0.567400  0.826619
0.567500  0.828239
0.567600  0.829815
0.567700  0.831349
0.567800  0.832841
0.567900  0.834291
0.568000  0.835700
0.568100  0.837069
0.568200  0.838396
0.568300  0.839683
0.568400  0.840928
0.568500  0.842130
0.568600  0.843291
0.568700  0.844408
0.568800  0.845483
0.568900  0.846513
0.569000  0.847500
0.569100  0.848443
0.569200  0.849341
0.569300  0.850196
0.569400  0.851008
0.569500  0.851777
0.569600  0.852505
0.569700  0.853190
0.569800  0.853834
0.569900  0.854437
0.570000  0.855000
0.570100  0.855523
0.570200  0.856008
0.570300  0.856458
0.570400  0.856874
0.570500  0.857260
0.570600  0.857616
0.570700  0.857946
0.570800  0.858252
0.570900  0.858536
0.571000  0.858800
0.571100  0.859046
0.571200  0.859276
0.571300  0.859492
0.571400  0.859694
0.571500  0.859884
0.571600  0.860063
0.571700  0.860233
0.571800  0.860394
0.571900  0.860550
0.572000  0.860700
0.572100  0.860846
0.572200  0.860991
0.572300  0.861135
0.572400  0.861281
0.572500  0.861431
0.572600  0.861586
0.572700  0.861749
0.572800  0.861921
0.572900  0.862104
0.573000  0.862300
0.573100  0.862511
0.573200  0.862736
0.573300  0.862977
0.573400  0.863233
0.573500  0.863505
0.573600  0.863792
0.573700  0.864095
0.573800  0.864414
0.573900  0.864749
0.574000  0.865100
0.574100  0.865468
0.574200  0.865853
0.574300  0.866256
0.574400  0.866680
0.574500  0.867124
0.574600  0.867591
0.574700  0.868080
0.574800  0.868594
0.574900  0.869134
0.575000  0.869700
0.575100  0.870294
0.575200  0.870915
0.575300  0.871565
0.575400  0.872242
0.575500  0.872948
0.575600  0.873682
0.575700  0.874444
0.575800  0.875234
0.575900  0.876053
0.576000  0.876900
0.576100  0.877775
0.576200  0.878677
0.576300  0.879603
0.576400  0.880552
0.576500  0.881521
0.576600  0.882508
0.576700  0.883512
0.576800  0.884530
0.576900  0.885560
0.577000  0.886600
0.577100  0.887648
0.577200  0.888704
0.577300  0.889766
0.577400  0.890833
0.577500  0.891905
0.577600  0.892981
0.577700  0.894059
0.577800  0.895139
0.577900  0.896219
0.578000  0.897300
0.578100  0.898380
0.578200  0.899458
0.578300  0.900535
0.578400  0.901610
0.578500  0.902683
0.578600  0.903753
0.578700  0.904820
0.578800  0.905884
0.578900  0.906944
0.579000  0.908000
0.579100  0.909052
0.579200  0.910096
0.579300  0.911132
0.579400  0.912155
0.579500  0.913164
0.579600  0.914156
0.579700  0.915128
0.579800  0.916077
0.579900  0.917002
0.580000  0.917900
0.580100  0.918768
0.580200  0.919606
0.580300  0.920413
0.580400  0.921190
0.580500  0.921936
0.580600  0.922652
0.580700  0.923336
0.580800  0.923989
0.580900  0.924610
0.581000  0.925200
0.581100  0.925758
0.581200  0.926285
0.581300  0.926782
0.581400  0.927250
0.581500  0.927690
0.581600  0.928103
0.581700  0.928489
0.581800  0.928850
0.581900  0.929187
0.582000  0.929500
0.582100  0.929790
0.582200  0.930058
0.582300  0.930301
0.582400  0.930521
0.582500  0.930715
0.582600  0.930885
0.582700  0.931029
0.582800  0.931146
0.582900  0.931237
0.583000  0.931300
0.583100  0.931336
0.583200  0.931344
0.583300  0.931325
0.583400  0.931280
0.583500  0.931210
0.583600  0.931116
0.583700  0.930996
0.583800  0.930854
0.583900  0.930688
0.584000  0.930500
0.584100  0.930291
0.584200  0.930063
0.584300  0.929821
0.584400  0.929567
0.584500  0.929305
0.584600  0.929039
0.584700  0.928772
0.584800  0.928508
0.584900  0.928249
0.585000  0.928000
0.585100  0.927763
0.585200  0.927538
0.585300  0.927325
0.585400  0.927123
0.585500  0.926931
0.585600  0.926748
0.585700  0.926575
0.585800  0.926409
0.585900  0.926251
0.586000  0.926100
0.586100  0.925955
0.586200  0.925817
0.586300  0.925686
0.586400  0.925562
0.586500  0.925446
0.586600  0.925338
0.586700  0.925240
0.586800  0.925150
0.586900  0.925070
0.587000  0.925000
0.587100  0.924941
0.587200  0.924894
0.587300  0.924862
0.587400  0.924845
0.587500  0.924847
0.587600  0.924870
0.587700  0.924914
0.587800  0.924983
0.587900  0.925077
0.588000  0.925200
0.588100  0.925352
0.588200  0.925532
0.588300  0.925739
0.588400  0.925971
0.588500  0.926226
0.588600  0.926504
0.588700  0.926801
0.588800  0.927118
0.588900  0.927451
0.589000  0.927800
0.589100  0.928163
0.589200  0.928539
0.589300  0.928929
0.589400  0.929332
0.589500  0.929747
0.589600  0.930174
0.589700  0.930614
0.589800  0.931065
0.589900  0.931527
0.590000  0.932000
0.590100  0.932484
0.590200  0.932978
0.590300  0.933483
0.590400  0.933998
0.590500  0.934523
0.590600  0.935058
0.590700  0.935604
0.590800  0.936159
0.590900  0.936725
0.591000  0.937300
0.591100  0.937885
0.591200  0.938477
0.591300  0.939074
0.591400  0.939673
0.591500  0.940274
0.591600  0.940872
0.591700  0.941466
0.591800  0.942054
0.591900  0.942632
0.592000  0.943200
0.592100  0.943754
0.592200  0.944295
0.592300  0.944822
0.592400  0.945335
0.592500  0.945833
0.592600  0.946317
0.592700  0.946785
0.592800  0.947239
0.592900  0.947677
0.593000  0.948100
0.593100  0.948507
0.593200  0.948897
0.593300  0.949269
0.593400  0.949623
0.593500  0.949957
0.593600  0.950271
0.593700  0.950563
0.593800  0.950832
0.593900  0.951078
0.594000  0.951300
0.594100  0.951496
0.594200  0.951667
0.594300  0.951810
0.594400  0.951926
0.594500  0.952013
0.594600  0.952072
0.594700  0.952100
0.594800  0.952098
0.594900  0.952065
0.595000  0.952000
0.595100  0.951902
0.595200  0.951773
0.595300  0.951612
0.595400  0.951422
0.595500  0.951202
0.595600  0.950954
0.595700  0.950679
0.595800  0.950378
0.595900  0.950051
0.596000  0.949700
0.596100  0.949325
0.596200  0.948927
0.596300  0.948505
0.596400  0.948060
0.596500  0.947591
0.596600  0.947100
0.596700  0.946584
0.596800  0.946046
0.596900  0.945485
0.597000  0.944900
0.597100  0.944293
0.597200  0.943664
0.597300  0.943016
0.597400  0.942351
0.597500  0.941670
0.597600  0.940976
0.597700  0.940270
0.597800  0.939554
0.597900  0.938830
0.598000  0.938100
0.598100  0.937366
0.598200  0.936628
0.598300  0.935888
0.598400  0.935146
0.598500  0.934403
0.598600  0.933659
0.598700  0.932917
0.598800  0.932175
0.598900  0.931436
0.599000  0.930700
0.599100  0.929967
0.599200  0.929239
0.599300  0.928515
0.599400  0.927796
0.599500  0.927082
0.599600  0.926373
0.599700  0.925670
0.599800  0.924973
0.599900  0.924283
0.600000  0.923600
0.600100  0.922924
0.600200  0.922257
0.600300  0.921600
0.600400  0.920954
0.600500  0.920321
0.600600  0.919702
0.600700  0.919100
0.600800  0.918514
0.600900  0.917947
0.601000  0.917400
0.601100  0.916874
0.601200  0.916370
0.601300  0.915887
0.601400  0.915425
0.601500  0.914985
0.601600  0.914565
0.601700  0.914167
0.601800  0.913790
0.601900  0.913435
0.602000  0.913100
0.602100  0.912786
0.602200  0.912495
0.602300  0.912225
0.602400  0.911978
0.602500  0.911753
0.602600  0.911553
0.602700  0.911377
0.602800  0.911226
0.602900  0.911100
0.603000  0.911000
0.603100  0.910926
0.603200  0.910879
0.603300  0.910857
0.603400  0.910860
0.603500  0.910889
0.603600  0.910943
0.603700  0.911021
0.603800  0.911124
0.603900  0.911250
0.604000  0.911400
0.604100  0.911574
0.604200  0.911770
0.604300  0.911991
0.604400  0.912235
0.604500  0.912503
0.604600  0.912794
0.604700  0.913110
0.604800  0.913449
0.604900  0.913812
0.605000  0.914200
0.605100  0.914612
0.605200  0.915046
0.605300  0.915502
0.605400  0.915979
0.605500  0.916475
0.605600  0.916989
0.605700  0.917520
0.605800  0.918066
0.605900  0.918627
0.606000  0.919200
0.606100  0.919785
0.606200  0.920382
0.606300  0.920989
0.606400  0.921607
0.606500  0.922234
0.606600  0.922871
0.606700  0.923516
0.606800  0.924170
0.606900  0.924831
0.607000  0.925500
0.607100  0.926175
0.607200  0.926857
0.607300  0.927545
0.607400  0.928239
0.607500  0.928938
0.607600  0.929642
0.607700  0.930350
0.607800  0.931063
0.607900  0.931780
0.608000  0.932500
0.608100  0.933224
0.608200  0.933950
0.608300  0.934678
0.608400  0.935409
0.608500  0.936140
0.608600  0.936872
0.608700  0.937605
0.608800  0.938338
0.608900  0.939069
0.609000  0.939800
0.609100  0.940529
0.609200  0.941256
0.609300  0.941979
0.609400  0.942699
0.609500  0.943415
0.609600  0.944125
0.609700  0.944829
0.609800  0.945527
0.609900  0.946218
0.610000  0.946900
0.610100  0.947574
0.610200  0.948239
0.610300  0.948894
0.610400  0.949540
0.610500  0.950177
0.610600  0.950803
0.610700  0.951418
0.610800  0.952023
0.610900  0.952617
0.611000  0.953200
0.611100  0.953771
0.611200  0.954330
0.611300  0.954876
0.611400  0.955409
0.611500  0.955928
0.611600  0.956433
0.611700  0.956924
0.611800  0.957399
0.611900  0.957857
0.612000  0.958300
0.612100  0.958726
0.612200  0.959136
0.612300  0.959532
0.612400  0.959914
0.612500  0.960284
0.612600  0.960644
0.612700  0.960994
0.612800  0.961336
0.612900  0.961671
0.613000  0.962000
0.613100  0.962324
0.613200  0.962644
0.613300  0.962959
0.613400  0.963268
0.613500  0.963572
0.613600  0.963870
0.613700  0.964162
0.613800  0.964448
0.613900  0.964727
0.614000  0.965000
0.614100  0.965266
0.614200  0.965523
0.614300  0.965773
0.614400  0.966012
0.614500  0.966241
0.614600  0.966459
0.614700  0.966665
0.614800  0.966857
0.614900  0.967036
0.615000  0.967200
0.615100  0.967349
0.615200  0.967483
0.615300  0.967604
0.615400  0.967713
0.615500  0.967813
0.615600  0.967903
0.615700  0.967985
0.615800  0.968061
0.615900  0.968133
0.616000  0.968200
0.616100  0.968265
0.616200  0.968328
0.616300  0.968389
0.616400  0.968449
0.616500  0.968508
0.616600  0.968566
0.616700  0.968624
0.616800  0.968682
0.616900  0.968741
0.617000  0.968800
0.617100  0.968860
0.617200  0.968919
0.617300  0.968977
0.617400  0.969031
0.617500  0.969081
0.617600  0.969123
0.617700  0.969158
0.617800  0.969184
0.617900  0.969198
0.618000  0.969200
0.618100  0.969188
0.618200  0.969164
0.618300  0.969129
0.618400  0.969085
0.618500  0.969032
0.618600  0.968973
0.618700  0.968909
0.618800  0.968841
0.618900  0.968771
0.619000  0.968700
0.619100  0.968630
0.619200  0.968560
0.619300  0.968491
0.619400  0.968422
0.619500  0.968353
0.619600  0.968284
0.619700  0.968214
0.619800  0.968144
0.619900  0.968072
0.620000  0.968000
0.620100  0.967926
0.620200  0.967851
0.620300  0.967773
0.620400  0.967691
0.620500  0.967606
0.620600  0.967517
0.620700  0.967422
0.620800  0.967321
0.620900  0.967214
0.621000  0.967100
0.621100  0.966978
0.621200  0.966848
0.621300  0.966710
0.621400  0.966564
0.621500  0.966409
0.621600  0.966246
0.621700  0.966073
0.621800  0.965892
0.621900  0.965701
0.622000  0.965500
0.622100  0.965290
0.622200  0.965071
0.622300  0.964844
0.622400  0.964610
0.622500  0.964369
0.622600  0.964123
0.622700  0.963872
0.622800  0.963617
0.622900  0.963360
0.623000  0.963100
0.623100  0.962839
0.623200  0.962577
0.623300  0.962314
0.623400  0.962051
0.623500  0.961789
0.623600  0.961528
0.623700  0.961268
0.623800  0.961010
0.623900  0.960754
0.624000  0.960500
0.624100  0.960249
0.624200  0.960001
0.624300  0.959754
0.624400  0.959508
0.624500  0.959261
0.624600  0.959014
0.624700  0.958765
0.624800  0.958513
0.624900  0.958259
0.625000  0.958000
0.625100  0.957737
0.625200  0.957469
0.625300  0.957197
0.625400  0.956920
0.625500  0.956641
0.625600  0.956358
0.625700  0.956072
0.625800  0.955784
0.625900  0.955493
0.626000  0.955200
0.626100  0.954906
0.626200  0.954611
0.626300  0.954317
0.626400  0.954026
0.626500  0.953738
0.626600  0.953455
0.626700  0.953178
0.626800  0.952909
0.626900  0.952650
0.627000  0.952400
0.627100  0.952162
0.627200  0.951934
0.627300  0.951717
0.627400  0.951508
0.627500  0.951308
0.627600  0.951115
0.627700  0.950929
0.627800  0.950748
0.627900  0.950572
0.628000  0.950400
0.628100  0.950231
0.628200  0.950067
0.628300  0.949907
0.628400  0.949753
0.628500  0.949606
0.628600  0.949466
0.628700  0.949335
0.628800  0.949213
0.628900  0.949101
0.629000  0.949000
0.629100  0.948911
0.629200  0.948834
0.629300  0.948768
0.629400  0.948713
0.629500  0.948669
0.629600  0.948635
0.629700  0.948612
0.629800  0.948598
0.629900  0.948594
0.630000  0.948600
0.630100  0.948615
0.630200  0.948638
0.630300  0.948670
0.630400  0.948710
0.630500  0.948757
0.630600  0.948812
0.630700  0.948874
0.630800  0.948943
0.630900  0.949019
0.631000  0.949100
0.631100  0.949187
0.631200  0.949282
0.631300  0.949384
0.631400  0.949494
0.631500  0.949615
0.631600  0.949746
0.631700  0.949890
0.631800  0.950046
0.631900  0.950215
0.632000  0.950400
0.632100  0.950600
0.632200  0.950815
0.632300  0.951042
0.632400  0.951282
0.632500  0.951533
0.632600  0.951792
0.632700  0.952060
0.632800  0.952335
0.632900  0.952615
0.633000  0.952900
0.633100  0.953188
0.633200  0.953478
0.633300  0.953772
0.633400  0.954068
0.633500  0.954367
0.633600  0.954668
0.633700  0.954973
0.633800  0.955279
0.633900  0.955588
0.634000  0.955900
0.634100  0.956214
0.634200  0.956531
0.634300  0.956850
0.634400  0.957173
0.634500  0.957500
0.634600  0.957831
0.634700  0.958166
0.634800  0.958505
0.634900  0.958850
0.635000  0.959200
0.635100  0.959555
0.635200  0.959915
0.635300  0.960278
0.635400  0.960642
0.635500  0.961007
0.635600  0.961372
0.635700  0.961735
0.635800  0.962095
0.635900  0.962450
0.636000  0.962800
0.636100  0.963143
0.636200  0.963479
0.636300  0.963806
0.636400  0.964124
0.636500  0.964432
0.636600  0.964730
0.636700  0.965016
0.636800  0.965291
0.636900  0.965552
0.637000  0.965800
0.637100  0.966034
0.637200  0.966255
0.637300  0.966466
0.637400  0.966668
0.637500  0.966863
0.637600  0.967053
0.637700  0.967240
0.637800  0.967426
0.637900  0.967612
0.638000  0.967800
0.638100  0.967992
0.638200  0.968187
0.638300  0.968384
0.638400  0.968581
0.638500  0.968777
0.638600  0.968971
0.638700  0.969161
0.638800  0.969347
0.638900  0.969527
0.639000  0.969700
0.639100  0.969864
0.639200  0.970020
0.639300  0.970166
0.639400  0.970303
0.639500  0.970430
0.639600  0.970546
0.639700  0.970651
0.639800  0.970746
0.639900  0.970829
0.640000  0.970900
0.640100  0.970959
0.640200  0.971007
0.640300  0.971044
0.640400  0.971072
0.640500  0.971092
0.640600  0.971105
0.640700  0.971111
0.640800  0.971111
0.640900  0.971107
0.641000  0.971100
0.641100  0.971090
0.641200  0.971077
0.641300  0.971062
0.641400  0.971045
0.641500  0.971026
0.641600  0.971005
0.641700  0.970981
0.641800  0.970956
0.641900  0.970929
0.642000  0.970900
0.642100  0.970869
0.642200  0.970837
0.642300  0.970803
0.642400  0.970767
0.642500  0.970729
0.642600  0.970688
0.642700  0.970645
0.642800  0.970600
0.642900  0.970551
0.643000  0.970500
0.643100  0.970446
0.643200  0.970389
0.643300  0.970331
0.643400  0.970270
0.643500  0.970209
0.643600  0.970147
0.643700  0.970084
0.643800  0.970022
0.643900  0.969960
0.644000  0.969900
0.644100  0.969841
0.644200  0.969784
0.644300  0.969728
0.644400  0.969675
0.644500  0.969623
0.644600  0.969574
0.644700  0.969527
0.644800  0.969482
0.644900  0.969440
0.645000  0.969400
0.645100  0.969363
0.645200  0.969330
0.645300  0.969299
0.645400  0.969272
0.645500  0.969249
0.645600  0.969230
0.645700  0.969216
0.645800  0.969205
0.645900  0.969200
0.646000  0.969200
0.646100  0.969205
0.646200  0.969216
0.646300  0.969232
0.646400  0.969253
0.646500  0.969280
0.646600  0.969313
0.646700  0.969351
0.646800  0.969395
0.646900  0.969445
0.647000  0.969500
0.647100  0.969561
0.647200  0.969627
0.647300  0.969699
0.647400  0.969774
0.647500  0.969854
0.647600  0.969938
0.647700  0.970024
0.647800  0.970114
0.647900  0.970206
0.648000  0.970300
0.648100  0.970396
0.648200  0.970492
0.648300  0.970591
0.648400  0.970690
0.648500  0.970790
0.648600  0.970891
0.648700  0.970993
0.648800  0.971095
0.648900  0.971197
0.649000  0.971300
0.649100  0.971403
0.649200  0.971506
0.649300  0.971610
0.649400  0.971715
0.649500  0.971823
0.649600  0.971932
0.649700  0.972044
0.649800  0.972159
0.649900  0.972277
0.650000  0.972400
0.650100  0.972527
0.650200  0.972657
0.650300  0.972792
0.650400  0.972929
0.650500  0.973069
0.650600  0.973212
0.650700  0.973357
0.650800  0.973503
0.650900  0.973651
0.651000  0.973800
0.651100  0.973949
0.651200  0.974097
0.651300  0.974244
0.651400  0.974387
0.651500  0.974525
0.651600  0.974657
0.651700  0.974782
0.651800  0.974898
0.651900  0.975005
0.652000  0.975100
0.652100  0.975183
0.652200  0.975255
0.652300  0.975318
0.652400  0.975372
0.652500  0.975419
0.652600  0.975460
0.652700  0.975498
0.652800  0.975533
0.652900  0.975566
0.653000  0.975600
0.653100  0.975635
0.653200  0.975671
0.653300  0.975706
0.653400  0.975741
0.653500  0.975775
0.653600  0.975807
0.653700  0.975836
0.653800  0.975862
0.653900  0.975883
0.654000  0.975900
0.654100  0.975911
0.654200  0.975915
0.654300  0.975912
0.654400  0.975901
0.654500  0.975880
0.654600  0.975849
0.654700  0.975806
0.654800  0.975751
0.654900  0.975683
0.655000  0.975600
0.655100  0.975503
0.655200  0.975392
0.655300  0.975271
0.655400  0.975141
0.655500  0.975004
0.655600  0.974864
0.655700  0.974721
0.655800  0.974577
0.655900  0.974437
0.656000  0.974300
0.656100  0.974169
0.656200  0.974043
0.656300  0.973921
0.656400  0.973799
0.656500  0.973677
0.656600  0.973553
0.656700  0.973425
0.656800  0.973291
0.656900  0.973150
0.657000  0.973000
0.657100  0.972839
0.657200  0.972669
0.657300  0.972491
0.657400  0.972304
0.657500  0.972112
0.657600  0.971915
0.657700  0.971714
0.657800  0.971510
0.657900  0.971305
0.658000  0.971100
0.658100  0.970895
0.658200  0.970692
0.658300  0.970489
0.658400  0.970287
0.658500  0.970087
0.658600  0.969887
0.658700  0.969688
0.658800  0.969491
0.658900  0.969295
0.659000  0.969100
0.659100  0.968906
0.659200  0.968714
0.659300  0.968522
0.659400  0.968332
0.659500  0.968142
0.659600  0.967953
0.659700  0.967764
0.659800  0.967576
0.659900  0.967388
0.660000  0.967200
0.660100  0.967012
0.660200  0.966825
0.660300  0.966639
0.660400  0.966455
0.660500  0.966272
0.660600  0.966091
0.660700  0.965913
0.660800  0.965738
0.660900  0.965567
0.661000  0.965400
0.661100  0.965237
0.661200  0.965078
0.661300  0.964923
0.661400  0.964771
0.661500  0.964621
0.661600  0.964474
0.661700  0.964329
0.661800  0.964185
0.661900  0.964042
0.662000  0.963900
0.662100  0.963758
0.662200  0.963618
0.662300  0.963483
0.662400  0.963353
0.662500  0.963230
0.662600  0.963117
0.662700  0.963016
0.662800  0.962928
0.662900  0.962856
0.663000  0.962800
0.663100  0.962763
0.663200  0.962743
0.663300  0.962739
0.663400  0.962748
0.663500  0.962770
0.663600  0.962802
0.663700  0.962843
0.663800  0.962891
0.663900  0.962944
0.664000  0.963000
0.664100  0.963058
0.664200  0.963118
0.664300  0.963179
0.664400  0.963240
0.664500  0.963301
0.664600  0.963363
0.664700  0.963424
0.664800  0.963484
0.664900  0.963543
0.665000  0.963600
0.665100  0.963656
0.665200  0.963711
0.665300  0.963767
0.665400  0.963825
0.665500  0.963887
0.665600  0.963954
0.665700  0.964027
0.665800  0.964109
0.665900  0.964199
0.666000  0.964300
0.666100  0.964413
0.666200  0.964535
0.666300  0.964667
0.666400  0.964806
0.666500  0.964950
0.666600  0.965099
0.666700  0.965250
0.666800  0.965401
0.666900  0.965552
0.667000  0.965700
0.667100  0.965845
0.667200  0.965987
0.667300  0.966127
0.667400  0.966268
0.667500  0.966411
0.667600  0.966557
0.667700  0.966707
0.667800  0.966864
0.667900  0.967027
0.668000  0.967200
0.668100  0.967383
0.668200  0.967574
0.668300  0.967774
0.668400  0.967981
0.668500  0.968193
0.668600  0.968410
0.668700  0.968630
0.668800  0.968853
0.668900  0.969076
0.669000  0.969300
0.669100  0.969523
0.669200  0.969744
0.669300  0.969963
0.669400  0.970179
0.669500  0.970393
0.669600  0.970603
0.669700  0.970809
0.669800  0.971011
0.669900  0.971208
0.670000  0.971400
0.670100  0.971586
0.670200  0.971767
0.670300  0.971944
0.670400  0.972116
0.670500  0.972285
0.670600  0.972451
0.670700  0.972615
0.670800  0.972778
0.670900  0.972939
0.671000  0.973100
0.671100  0.973261
0.671200  0.973421
0.671300  0.973580
0.671400  0.973737
0.671500  0.973892
0.671600  0.974043
0.671700  0.974190
0.671800  0.974332
0.671900  0.974469
0.672000  0.974600
0.672100  0.974724
0.672200  0.974842
0.672300  0.974954
0.672400  0.975060
0.672500  0.975161
0.672600  0.975257
0.672700  0.975348
0.672800  0.975436
0.672900  0.975520
0.673000  0.975600
0.673100  0.975677
0.673200  0.975752
0.673300  0.975822
0.673400  0.975889
0.673500  0.975953
0.673600  0.976011
0.673700  0.976066
0.673800  0.976116
0.673900  0.976160
0.674000  0.976200
0.674100  0.976234
0.674200  0.976263
0.674300  0.976286
0.674400  0.976304
0.674500  0.976317
0.674600  0.976324
0.674700  0.976326
0.674800  0.976322
0.674900  0.976314
0.675000  0.976300
0.675100  0.976281
0.675200  0.976257
0.675300  0.976228
0.675400  0.976194
0.675500  0.976156
0.675600  0.976113
0.675700  0.976066
0.675800  0.976015
0.675900  0.975959
0.676000  0.975900
0.676100  0.975837
0.676200  0.975771
0.676300  0.975702
0.676400  0.975631
0.676500  0.975559
0.676600  0.975486
0.676700  0.975413
0.676800  0.975341
0.676900  0.975270
0.677000  0.975200
0.677100  0.975132
0.677200  0.975066
0.677300  0.974999
0.677400  0.974930
0.677500  0.974858
0.677600  0.974781
0.677700  0.974698
0.677800  0.974608
0.677900  0.974509
0.678000  0.974400
0.678100  0.974280
0.678200  0.974149
0.678300  0.974008
0.678400  0.973857
0.678500  0.973698
0.678600  0.973531
0.678700  0.973357
0.678800  0.973177
0.678900  0.972991
0.679000  0.972800
0.679100  0.972605
0.679200  0.972405
0.679300  0.972200
0.679400  0.971990
0.679500  0.971775
0.679600  0.971553
0.679700  0.971325
0.679800  0.971091
0.679900  0.970849
0.680000  0.970600
0.680100  0.970343
0.680200  0.970077
0.680300  0.969801
0.680400  0.969514
0.680500  0.969216
0.680600  0.968903
0.680700  0.968577
0.680800  0.968235
0.680900  0.967876
0.681000  0.967500
0.681100  0.967105
0.681200  0.966691
0.681300  0.966257
0.681400  0.965802
0.681500  0.965326
0.681600  0.964827
0.681700  0.964306
0.681800  0.963762
0.681900  0.963193
0.682000  0.962600
0.682100  0.961981
0.682200  0.961337
0.682300  0.960667
0.682400  0.959969
0.682500  0.959245
0.682600  0.958493
0.682700  0.957713
0.682800  0.956904
0.682900  0.956067
0.683000  0.955200
0.683100  0.954303
0.683200  0.953374
0.683300  0.952410
0.683400  0.951410
0.683500  0.950370
0.683600  0.949289
0.683700  0.948163
0.683800  0.946992
0.683900  0.945771
0.684000  0.944500
0.684100  0.943175
0.684200  0.941797
0.684300  0.940362
0.684400  0.938872
0.684500  0.937325
0.684600  0.935719
0.684700  0.934055
0.684800  0.932331
0.684900  0.930546
0.685000  0.928700
0.685100  0.926791
0.685200  0.924820
0.685300  0.922786
0.685400  0.920690
0.685500  0.918531
0.685600  0.916309
0.685700  0.914026
0.685800  0.911680
0.685900  0.909271
0.686000  0.906800
0.686100  0.904266
0.686200  0.901668
0.686300  0.899003
0.686400  0.896270
0.686500  0.893465
0.686600  0.890587
0.686700  0.887634
0.686800  0.884603
0.686900  0.881492
0.687000  0.878300
0.687100  0.875024
0.687200  0.871661
0.687300  0.868210
0.687400  0.864668
0.687500  0.861034
0.687600  0.857306
0.687700  0.853480
0.687800  0.849555
0.687900  0.845529
0.688000  0.841400
0.688100  0.837166
0.688200  0.832830
0.688300  0.828396
0.688400  0.823867
0.688500  0.819247
0.688600  0.814539
0.688700  0.809747
0.688800  0.804874
0.688900  0.799924
0.689000  0.794900
0.689100  0.789806
0.689200  0.784641
0.689300  0.779406
0.689400  0.774102
0.689500  0.768727
0.689600  0.763282
0.689700  0.757767
0.689800  0.752181
0.689900  0.746526
0.690000  0.740800
0.690100  0.735004
0.690200  0.729141
0.690300  0.723210
0.690400  0.717215
0.690500  0.711158
0.690600  0.705040
0.690700  0.698864
0.690800  0.692630
0.690900  0.686342
0.691000  0.680000
0.691100  0.673608
0.691200  0.667170
0.691300  0.660690
0.691400  0.654175
0.691500  0.647628
0.691600  0.641055
0.691700  0.634461
0.691800  0.627850
0.691900  0.621228
0.692000  0.614600
0.692100  0.607970
0.692200  0.601338
0.692300  0.594706
0.692400  0.588074
0.692500  0.581442
0.692600  0.574811
0.692700  0.568181
0.692800  0.561552
0.692900  0.554925
0.693000  0.548300
0.693100  0.541678
0.693200  0.535060
0.693300  0.528446
0.693400  0.521839
0.693500  0.515240
0.693600  0.508649
0.693700  0.502069
0.693800  0.495500
0.693900  0.488943
0.694000  0.482400
0.694100  0.475873
0.694200  0.469364
0.694300  0.462880
0.694400  0.456423
0.694500  0.449998
0.694600  0.443609
0.694700  0.437261
0.694800  0.430957
0.694900  0.424702
0.695000  0.418500
0.695100  0.412355
0.695200  0.406267
0.695300  0.400238
0.695400  0.394267
0.695500  0.388356
0.695600  0.382504
0.695700  0.376712
0.695800  0.370980
0.695900  0.365310
0.696000  0.359700
0.696100  0.354152
0.696200  0.348665
0.696300  0.343239
0.696400  0.337873
0.696500  0.332566
0.696600  0.327318
0.696700  0.322127
0.696800  0.316995
0.696900  0.311919
0.697000  0.306900
0.697100  0.301937
0.697200  0.297030
0.697300  0.292180
0.697400  0.287389
0.697500  0.282656
0.697600  0.277983
0.697700  0.273370
0.697800  0.268818
0.697900  0.264328
0.698000  0.259900
0.698100  0.255536
0.698200  0.251234
0.698300  0.246997
0.698400  0.242822
0.698500  0.238710
0.698600  0.234662
0.698700  0.230677
0.698800  0.226755
0.698900  0.222896
0.699000  0.219100
0.699100  0.215367
0.699200  0.211695
0.699300  0.208082
0.699400  0.204527
0.699500  0.201027
0.699600  0.197582
0.699700  0.194188
0.699800  0.190844
0.699900  0.187549
0.700000  0.184300
0.700100  0.181096
0.700200  0.177937
0.700300  0.174823
0.700400  0.171753
0.700500  0.168730
0.700600  0.165752
0.700700  0.162820
0.700800  0.159933
0.700900  0.157094
0.701000  0.154300
0.701100  0.151553
0.701200  0.148853
0.701300  0.146198
0.701400  0.143590
0.701500  0.141028
0.701600  0.138512
0.701700  0.136041
0.701800  0.133615
0.701900  0.131235
0.702000  0.128900
0.702100  0.126610
0.702200  0.124363
0.702300  0.122158
0.702400  0.119994
0.702500  0.117870
0.702600  0.115785
0.702700  0.113736
0.702800  0.111723
0.702900  0.109745
0.703000  0.107800
0.703100  0.105887
0.703200  0.104006
0.703300  0.102156
0.703400  0.100337
0.703500  0.098550
0.703600  0.096793
0.703700  0.095067
0.703800  0.093371
0.703900  0.091706
0.704000  0.090070
0.704100  0.088464
0.704200  0.086887
0.704300  0.085340
0.704400  0.083822
0.704500  0.082332
0.704600  0.080870
0.704700  0.079436
0.704800  0.078030
0.704900  0.076651
0.705000  0.075300
0.705100  0.073975
0.705200  0.072676
0.705300  0.071403
0.705400  0.070153
0.705500  0.068927
0.705600  0.067722
0.705700  0.066540
0.705800  0.065377
0.705900  0.064234
0.706000  0.063110
0.706100  0.062004
0.706200  0.060915
0.706300  0.059844
0.706400  0.058792
0.706500  0.057757
0.706600  0.056741
0.706700  0.055743
0.706800  0.054763
0.706900  0.053802
0.707000  0.052860
0.707100  0.051936
0.707200  0.051031
0.707300  0.050143
0.707400  0.049273
0.707500  0.048420
0.707600  0.047583
0.707700  0.046762
0.707800  0.045956
0.707900  0.045166
0.708000  0.044390
0.708100  0.043628
0.708200  0.042880
0.708300  0.042146
0.708400  0.041424
0.708500  0.040715
0.708600  0.040019
0.708700  0.039334
0.708800  0.038662
0.708900  0.038000
0.709000  0.037350
0.709100  0.036710
0.709200  0.036082
0.709300  0.035463
0.709400  0.034856
0.709500  0.034259
0.709600  0.033672
0.709700  0.033096
0.709800  0.032530
0.709900  0.031975
0.710000  0.031430
0.710100  0.030895
0.710200  0.030371
0.710300  0.029857
0.710400  0.029352
0.710500  0.028857
0.710600  0.028371
0.710700  0.027895
0.710800  0.027428
0.710900  0.026970
0.711000  0.026520
0.711100  0.026079
0.711200  0.025646
0.711300  0.025222
0.711400  0.024805
0.711500  0.024396
0.711600  0.023994
0.711700  0.023600
0.711800  0.023213
0.711900  0.022833
0.712000  0.022460
0.712100  0.022093
0.712200  0.021733
0.712300  0.021379
0.712400  0.021030
0.712500  0.020688
0.712600  0.020352
0.712700  0.020021
0.712800  0.019695
0.712900  0.019375
0.713000  0.019060
0.713100  0.018750
0.713200  0.018445
0.713300  0.018145
0.713400  0.017850
0.713500  0.017560
0.713600  0.017275
0.713700  0.016996
0.713800  0.016722
0.713900  0.016453
0.714000  0.016190
0.714100  0.015932
0.714200  0.015679
0.714300  0.015432
0.714400  0.015189
0.714500  0.014950
0.714600  0.014716
0.714700  0.014486
0.714800  0.014261
0.714900  0.014039
0.715000  0.013820
0.715100  0.013605
0.715200  0.013393
0.715300  0.013184
0.715400  0.012979
0.715500  0.012776
0.715600  0.012577
0.715700  0.012381
0.715800  0.012188
0.715900  0.011997
0.716000  0.011810
0.716100  0.011625
0.716200  0.011444
0.716300  0.011265
0.716400  0.011089
0.716500  0.010916
0.716600  0.010747
0.716700  0.010580
0.716800  0.010417
0.716900  0.010257
0.717000  0.010100
0.717100  0.009947
0.717200  0.009796
0.717300  0.009649
0.717400  0.009505
0.717500  0.009364
0.717600  0.009226
0.717700  0.009090
0.717800  0.008957
0.717900  0.008826
0.718000  0.008698
0.718100  0.008572
0.718200  0.008448
0.718300  0.008326
0.718400  0.008207
0.718500  0.008089
0.718600  0.007973
0.718700  0.007858
0.718800  0.007745
0.718900  0.007633
0.719000  0.007523
0.719100  0.007414
0.719200  0.007306
0.719300  0.007200
0.719400  0.007095
0.719500  0.006992
0.719600  0.006890
0.719700  0.006790
0.719800  0.006691
0.719900  0.006595
0.720000  0.006500
0.720100  0.006407
0.720200  0.006316
0.720300  0.006227
0.720400  0.006140
0.720500  0.006054
0.720600  0.005970
0.720700  0.005887
0.720800  0.005806
0.720900  0.005725
0.721000  0.005646
0.721100  0.005568
0.721200  0.005491
0.721300  0.005415
0.721400  0.005340
0.721500  0.005266
0.721600  0.005193
0.721700  0.005121
0.721800  0.005051
0.721900  0.004981
0.722000  0.004913
0.722100  0.004846
0.722200  0.004780
0.722300  0.004715
0.722400  0.004651
0.722500  0.004589
0.722600  0.004527
0.722700  0.004466
0.722800  0.004406
0.722900  0.004347
0.723000  0.004288
0.723100  0.004230
0.723200  0.004173
0.723300  0.004117
0.723400  0.004061
0.723500  0.004006
0.723600  0.003951
0.723700  0.003897
0.723800  0.003843
0.723900  0.003790
0.724000  0.003738
0.724100  0.003686
0.724200  0.003635
0.724300  0.003584
0.724400  0.003534
0.724500  0.003484
0.724600  0.003436
0.724700  0.003388
0.724800  0.003341
0.724900  0.003295
0.725000  0.003250
0.725100  0.003206
0.725200  0.003163
0.725300  0.003121
0.725400  0.003080
0.725500  0.003040
0.725600  0.003001
0.725700  0.002962
0.725800  0.002925
0.725900  0.002889
0.726000  0.002853
0.726100  0.002818
0.726200  0.002784
0.726300  0.002751
0.726400  0.002718
0.726500  0.002686
0.726600  0.002655
0.726700  0.002624
0.726800  0.002593
0.726900  0.002563
0.727000  0.002533
0.727100  0.002503
0.727200  0.002474
0.727300  0.002445
0.727400  0.002416
0.727500  0.002387
0.727600  0.002358
0.727700  0.002329
0.727800  0.002301
0.727900  0.002272
0.728000  0.002243
0.728100  0.002214
0.728200  0.002185
0.728300  0.002157
0.728400  0.002128
0.728500  0.002100
0.728600  0.002072
0.728700  0.002045
0.728800  0.002019
0.728900  0.001993
0.729000  0.001968
0.729100  0.001944
0.729200  0.001921
0.729300  0.001899
0.729400  0.001877
0.729500  0.001856
0.729600  0.001836
0.729700  0.001815
0.729800  0.001795
0.729900  0.001775
0.730000  0.001755
0.730100  0.001735
0.730200  0.001714
0.730300  0.001694
0.730400  0.001674
0.730500  0.001654
0.730600  0.001634
0.730700  0.001614
0.730800  0.001594
0.730900  0.001575
0.731000  0.001556
0.731100  0.001538
0.731200  0.001520
0.731300  0.001502
0.731400  0.001485
0.731500  0.001468
0.731600  0.001451
0.731700  0.001435
0.731800  0.001420
0.731900  0.001404
0.732000  0.001389
0.732100  0.001374
0.732200  0.001360
0.732300  0.001345
0.732400  0.001331
0.732500  0.001317
0.732600  0.001304
0.732700  0.001290
0.732800  0.001277
0.732900  0.001264
0.733000  0.001251
0.733100  0.001238
0.733200  0.001226
0.733300  0.001213
0.733400  0.001201
0.733500  0.001189
0.733600  0.001177
0.733700  0.001165
0.733800  0.001153
0.733900  0.001141
0.734000  0.001129
0.734100  0.001117
0.734200  0.001105
0.734300  0.001094
0.734400  0.001082
0.734500  0.001070
0.734600  0.001057
0.734700  0.001045
0.734800  0.001033
0.734900  0.001020
0.735000  0.001007
