# author : MAVIS package
# source : SVO Filter Profile Service, filter ID SLOAN/SDSS.gprime_filter
# source_reference : http://filters.apo.nmsu.edu/curves/SDSS/
# source_components : Filter
# date_created  : 2026-08-19
# date_modified : 2026-08-19
# type : filter:transmission
# status : development
# description : SDSS g' filter-only transmission (USNO 40-inch measurement). Stand-in for the not-yet-measured MAVIS filter of the same name; filter glass only, detector QE and telescope reflectivity are applied separately by ScopeSim.
# wavelength_unit : um
# changes :
# - 2026-08-19 Fetched from SVO, replacing the earlier top-hat approximation
wavelength  transmission
0.379800  0.000102
0.379900  0.000105
0.380000  0.000107
0.380100  0.000109
0.380200  0.000110
0.380300  0.000112
0.380400  0.000114
0.380500  0.000118
0.380600  0.000123
0.380700  0.000130
0.380800  0.000140
0.380900  0.000152
0.381000  0.000168
0.381100  0.000188
0.381200  0.000211
0.381300  0.000238
0.381400  0.000269
0.381500  0.000304
0.381600  0.000343
0.381700  0.000385
0.381800  0.000431
0.381900  0.000481
0.382000  0.000534
0.382100  0.000591
0.382200  0.000652
0.382300  0.000717
0.382400  0.000787
0.382500  0.000861
0.382600  0.000940
0.382700  0.001025
0.382800  0.001114
0.382900  0.001210
0.383000  0.001312
0.383100  0.001420
0.383200  0.001535
0.383300  0.001657
0.383400  0.001787
0.383500  0.001926
0.383600  0.002073
0.383700  0.002230
0.383800  0.002397
0.383900  0.002574
0.384000  0.002762
0.384100  0.002962
0.384200  0.003174
0.384300  0.003399
0.384400  0.003638
0.384500  0.003892
0.384600  0.004162
0.384700  0.004449
0.384800  0.004753
0.384900  0.005075
0.385000  0.005417
0.385100  0.005779
0.385200  0.006162
0.385300  0.006566
0.385400  0.006993
0.385500  0.007443
0.385600  0.007917
0.385700  0.008416
0.385800  0.008941
0.385900  0.009492
0.386000  0.010070
0.386100  0.010676
0.386200  0.011312
0.386300  0.011979
0.386400  0.012677
0.386500  0.013409
0.386600  0.014176
0.386700  0.014979
0.386800  0.015820
0.386900  0.016700
0.387000  0.017620
0.387100  0.018582
0.387200  0.019587
0.387300  0.020635
0.387400  0.021729
0.387500  0.022870
0.387600  0.024058
0.387700  0.025295
0.387800  0.026582
0.387900  0.027920
0.388000  0.029310
0.388100  0.030754
0.388200  0.032250
0.388300  0.033799
0.388400  0.035400
0.388500  0.037053
0.388600  0.038756
0.388700  0.040510
0.388800  0.042314
0.388900  0.044168
0.389000  0.046070
0.389100  0.048021
0.389200  0.050017
0.389300  0.052059
0.389400  0.054142
0.389500  0.056265
0.389600  0.058427
0.389700  0.060624
0.389800  0.062855
0.389900  0.065118
0.390000  0.067410
0.390100  0.069730
0.390200  0.072076
0.390300  0.074447
0.390400  0.076840
0.390500  0.079256
0.390600  0.081692
0.390700  0.084147
0.390800  0.086619
0.390900  0.089107
0.391000  0.091610
0.391100  0.094126
0.391200  0.096653
0.391300  0.099191
0.391400  0.101737
0.391500  0.104290
0.391600  0.106848
0.391700  0.109409
0.391800  0.111973
0.391900  0.114537
0.392000  0.117100
0.392100  0.119660
0.392200  0.122216
0.392300  0.124766
0.392400  0.127308
0.392500  0.129841
0.392600  0.132362
0.392700  0.134870
0.392800  0.137364
0.392900  0.139841
0.393000  0.142300
0.393100  0.144740
0.393200  0.147160
0.393300  0.149562
0.393400  0.151945
0.393500  0.154311
0.393600  0.156661
0.393700  0.158994
0.393800  0.161311
0.393900  0.163613
0.394000  0.165900
0.394100  0.168173
0.394200  0.170434
0.394300  0.172683
0.394400  0.174922
0.394500  0.177151
0.394600  0.179372
0.394700  0.181587
0.394800  0.183795
0.394900  0.185999
0.395000  0.188200
0.395100  0.190399
0.395200  0.192597
0.395300  0.194797
0.395400  0.197000
0.395500  0.199209
0.395600  0.201425
0.395700  0.203650
0.395800  0.205887
0.395900  0.208136
0.396000  0.210400
0.396100  0.212681
0.396200  0.214982
0.396300  0.217307
0.396400  0.219657
0.396500  0.222038
0.396600  0.224451
0.396700  0.226901
0.396800  0.229390
0.396900  0.231922
0.397000  0.234500
0.397100  0.237127
0.397200  0.239803
0.397300  0.242530
0.397400  0.245309
0.397500  0.248139
0.397600  0.251023
0.397700  0.253960
0.397800  0.256951
0.397900  0.259998
0.398000  0.263100
0.398100  0.266258
0.398200  0.269470
0.398300  0.272731
0.398400  0.276040
0.398500  0.279392
0.398600  0.282785
0.398700  0.286216
0.398800  0.289681
0.398900  0.293176
0.399000  0.296700
0.399100  0.300248
0.399200  0.303816
0.399300  0.307399
0.399400  0.310993
0.399500  0.314592
0.399600  0.318191
0.399700  0.321787
0.399800  0.325373
0.399900  0.328946
0.400000  0.332500
0.400100  0.336031
0.400200  0.339536
0.400300  0.343012
0.400400  0.346456
0.400500  0.349866
0.400600  0.353239
0.400700  0.356571
0.400800  0.359861
0.400900  0.363105
0.401000  0.366300
0.401100  0.369444
0.401200  0.372535
0.401300  0.375571
0.401400  0.378550
0.401500  0.381469
0.401600  0.384326
0.401700  0.387120
0.401800  0.389848
0.401900  0.392509
0.402000  0.395100
0.402100  0.397620
0.402200  0.400073
0.402300  0.402461
0.402400  0.404789
0.402500  0.407060
0.402600  0.409278
0.402700  0.411448
0.402800  0.413572
0.402900  0.415655
0.403000  0.417700
0.403100  0.419712
0.403200  0.421697
0.403300  0.423664
0.403400  0.425618
0.403500  0.427567
0.403600  0.429520
0.403700  0.431482
0.403800  0.433461
0.403900  0.435465
0.404000  0.437500
0.404100  0.439574
0.404200  0.441689
0.404300  0.443848
0.404400  0.446054
0.404500  0.448308
0.404600  0.450614
0.404700  0.452973
0.404800  0.455389
0.404900  0.457864
0.405000  0.460400
0.405100  0.462999
0.405200  0.465663
0.405300  0.468390
0.405400  0.471182
0.405500  0.474038
0.405600  0.476960
0.405700  0.479946
0.405800  0.482999
0.405900  0.486116
0.406000  0.489300
0.406100  0.492549
0.406200  0.495861
0.406300  0.499233
0.406400  0.502660
0.406500  0.506139
0.406600  0.509667
0.406700  0.513241
0.406800  0.516857
0.406900  0.520511
0.407000  0.524200
0.407100  0.527920
0.407200  0.531664
0.407300  0.535425
0.407400  0.539196
0.407500  0.542968
0.407600  0.546735
0.407700  0.550489
0.407800  0.554223
0.407900  0.557929
0.408000  0.561600
0.408100  0.565229
0.408200  0.568808
0.408300  0.572332
0.408400  0.575795
0.408500  0.579188
0.408600  0.582507
0.408700  0.585744
0.408800  0.588892
0.408900  0.591947
0.409000  0.594900
0.409100  0.597747
0.409200  0.600486
0.409300  0.603117
0.409400  0.605640
0.409500  0.608054
0.409600  0.610361
0.409700  0.612559
0.409800  0.614648
0.409900  0.616629
0.410000  0.618500
0.410100  0.620263
0.410200  0.621921
0.410300  0.623478
0.410400  0.624939
0.410500  0.626307
0.410600  0.627586
0.410700  0.628781
0.410800  0.629896
0.410900  0.630934
0.411000  0.631900
0.411100  0.632799
0.411200  0.633636
0.411300  0.634418
0.411400  0.635152
0.411500  0.635843
0.411600  0.636500
0.411700  0.637127
0.411800  0.637732
0.411900  0.638321
0.412000  0.638900
0.412100  0.639476
0.412200  0.640054
0.412300  0.640639
0.412400  0.641234
0.412500  0.641845
0.412600  0.642477
0.412700  0.643133
0.412800  0.643820
0.412900  0.644540
0.413000  0.645300
0.413100  0.646103
0.413200  0.646951
0.413300  0.647845
0.413400  0.648786
0.413500  0.649776
0.413600  0.650816
0.413700  0.651907
0.413800  0.653051
0.413900  0.654248
0.414000  0.655500
0.414100  0.656807
0.414200  0.658168
0.414300  0.659578
0.414400  0.661036
0.414500  0.662538
0.414600  0.664080
0.414700  0.665661
0.414800  0.667276
0.414900  0.668924
0.415000  0.670600
0.415100  0.672302
0.415200  0.674027
0.415300  0.675770
0.415400  0.677529
0.415500  0.679299
0.415600  0.681077
0.415700  0.682860
0.415800  0.684644
0.415900  0.686425
0.416000  0.688200
0.416100  0.689965
0.416200  0.691718
0.416300  0.693454
0.416400  0.695172
0.416500  0.696867
0.416600  0.698537
0.416700  0.700178
0.416800  0.701788
0.416900  0.703363
0.417000  0.704900
0.417100  0.706396
0.417200  0.707851
0.417300  0.709264
0.417400  0.710633
0.417500  0.711958
0.417600  0.713239
0.417700  0.714474
0.417800  0.715663
0.417900  0.716805
0.418000  0.717900
0.418100  0.718947
0.418200  0.719949
0.418300  0.720909
0.418400  0.721829
0.418500  0.722713
0.418600  0.723565
0.418700  0.724386
0.418800  0.725180
0.418900  0.725951
0.419000  0.726700
0.419100  0.727432
0.419200  0.728148
0.419300  0.728853
0.419400  0.729549
0.419500  0.730238
0.419600  0.730925
0.419700  0.731611
0.419800  0.732301
0.419900  0.732996
0.420000  0.733700
0.420100  0.734415
0.420200  0.735142
0.420300  0.735879
0.420400  0.736627
0.420500  0.737384
0.420600  0.738150
0.420700  0.738926
0.420800  0.739710
0.420900  0.740501
0.421000  0.741300
0.421100  0.742106
0.421200  0.742918
0.421300  0.743736
0.421400  0.744560
0.421500  0.745389
0.421600  0.746223
0.421700  0.747061
0.421800  0.747904
0.421900  0.748750
0.422000  0.749600
0.422100  0.750452
0.422200  0.751304
0.422300  0.752152
0.422400  0.752993
0.422500  0.753823
0.422600  0.754639
0.422700  0.755439
0.422800  0.756217
0.422900  0.756972
0.423000  0.757700
0.423100  0.758397
0.423200  0.759060
0.423300  0.759685
0.423400  0.760268
0.423500  0.760807
0.423600  0.761297
0.423700  0.761735
0.423800  0.762117
0.423900  0.762440
0.424000  0.762700
0.424100  0.762894
0.424200  0.763021
0.424300  0.763081
0.424400  0.763074
0.424500  0.762999
0.424600  0.762857
0.424700  0.762646
0.424800  0.762366
0.424900  0.762018
0.425000  0.761600
0.425100  0.761113
0.425200  0.760559
0.425300  0.759939
0.425400  0.759255
0.425500  0.758508
0.425600  0.757701
0.425700  0.756835
0.425800  0.755911
0.425900  0.754932
0.426000  0.753900
0.426100  0.752816
0.426200  0.751687
0.426300  0.750517
0.426400  0.749313
0.426500  0.748081
0.426600  0.746826
0.426700  0.745555
0.426800  0.744273
0.426900  0.742986
0.427000  0.741700
0.427100  0.740421
0.427200  0.739152
0.427300  0.737897
0.427400  0.736660
0.427500  0.735444
0.427600  0.734252
0.427700  0.733088
0.427800  0.731956
0.427900  0.730859
0.428000  0.729800
0.428100  0.728784
0.428200  0.727815
0.428300  0.726898
0.428400  0.726040
0.428500  0.725245
0.428600  0.724518
0.428700  0.723864
0.428800  0.723290
0.428900  0.722800
0.429000  0.722400
0.429100  0.722094
0.429200  0.721883
0.429300  0.721770
0.429400  0.721756
0.429500  0.721841
0.429600  0.722026
0.429700  0.722314
0.429800  0.722704
0.429900  0.723199
0.430000  0.723800
0.430100  0.724506
0.430200  0.725317
0.430300  0.726228
0.430400  0.727238
0.430500  0.728343
0.430600  0.729540
0.430700  0.730828
0.430800  0.732202
0.430900  0.733660
0.431000  0.735200
0.431100  0.736818
0.431200  0.738510
0.431300  0.740274
0.431400  0.742105
0.431500  0.744000
0.431600  0.745955
0.431700  0.747966
0.431800  0.750030
0.431900  0.752142
0.432000  0.754300
0.432100  0.756499
0.432200  0.758735
0.432300  0.761001
0.432400  0.763294
0.432500  0.765607
0.432600  0.767935
0.432700  0.770274
0.432800  0.772618
0.432900  0.774962
0.433000  0.777300
0.433100  0.779627
0.433200  0.781938
0.433300  0.784224
0.433400  0.786480
0.433500  0.788698
0.433600  0.790873
0.433700  0.792997
0.433800  0.795064
0.433900  0.797067
0.434000  0.799000
0.434100  0.800856
0.434200  0.802633
0.434300  0.804326
0.434400  0.805933
0.434500  0.807451
0.434600  0.808877
0.434700  0.810208
0.434800  0.811441
0.434900  0.812572
0.435000  0.813600
0.435100  0.814521
0.435200  0.815337
0.435300  0.816047
0.435400  0.816655
0.435500  0.817160
0.435600  0.817565
0.435700  0.817870
0.435800  0.818076
0.435900  0.818186
0.436000  0.818200
0.436100  0.818120
0.436200  0.817950
0.436300  0.817694
0.436400  0.817358
0.436500  0.816946
0.436600  0.816462
0.436700  0.815910
0.436800  0.815297
0.436900  0.814625
0.437000  0.813900
0.437100  0.813126
0.437200  0.812310
0.437300  0.811455
0.437400  0.810569
0.437500  0.809657
0.437600  0.808724
0.437700  0.807776
0.437800  0.806819
0.437900  0.805859
0.438000  0.804900
0.438100  0.803949
0.438200  0.803009
0.438300  0.802085
0.438400  0.801181
0.438500  0.800301
0.438600  0.799449
0.438700  0.798628
0.438800  0.797844
0.438900  0.797100
0.439000  0.796400
0.439100  0.795748
0.439200  0.795146
0.439300  0.794597
0.439400  0.794102
0.439500  0.793664
0.439600  0.793285
0.439700  0.792967
0.439800  0.792712
0.439900  0.792522
0.440000  0.792400
0.440100  0.792347
0.440200  0.792363
0.440300  0.792449
0.440400  0.792605
0.440500  0.792830
0.440600  0.793125
0.440700  0.793489
0.440800  0.793923
0.440900  0.794427
0.441000  0.795000
0.441100  0.795642
0.441200  0.796351
0.441300  0.797122
0.441400  0.797953
0.441500  0.798841
0.441600  0.799780
0.441700  0.800770
0.441800  0.801805
0.441900  0.802883
0.442000  0.804000
0.442100  0.805153
0.442200  0.806340
0.442300  0.807559
0.442400  0.808807
0.442500  0.810083
0.442600  0.811384
0.442700  0.812708
0.442800  0.814054
0.442900  0.815418
0.443000  0.816800
0.443100  0.818196
0.443200  0.819603
0.443300  0.821016
0.443400  0.822430
0.443500  0.823841
0.443600  0.825245
0.443700  0.826638
0.443800  0.828014
0.443900  0.829369
0.444000  0.830700
0.444100  0.832002
0.444200  0.833272
0.444300  0.834509
0.444400  0.835711
0.444500  0.836878
0.444600  0.838005
0.444700  0.839093
0.444800  0.840140
0.444900  0.841142
0.445000  0.842100
0.445100  0.843011
0.445200  0.843874
0.445300  0.844690
0.445400  0.845456
0.445500  0.846174
0.445600  0.846841
0.445700  0.847458
0.445800  0.848024
0.445900  0.848538
0.446000  0.849000
0.446100  0.849409
0.446200  0.849767
0.446300  0.850074
0.446400  0.850332
0.446500  0.850541
0.446600  0.850703
0.446700  0.850819
0.446800  0.850889
0.446900  0.850916
0.447000  0.850900
0.447100  0.850842
0.447200  0.850745
0.447300  0.850610
0.447400  0.850440
0.447500  0.850237
0.447600  0.850003
0.447700  0.849740
0.447800  0.849451
0.447900  0.849136
0.448000  0.848800
0.448100  0.848443
0.448200  0.848069
0.448300  0.847681
0.448400  0.847281
0.448500  0.846872
0.448600  0.846458
0.448700  0.846040
0.448800  0.845623
0.448900  0.845209
0.449000  0.844800
0.449100  0.844400
0.449200  0.844011
0.449300  0.843636
0.449400  0.843277
0.449500  0.842937
0.449600  0.842617
0.449700  0.842322
0.449800  0.842052
0.449900  0.841810
0.450000  0.841600
0.450100  0.841423
0.450200  0.841279
0.450300  0.841168
0.450400  0.841089
0.450500  0.841044
0.450600  0.841031
0.450700  0.841050
0.450800  0.841102
0.450900  0.841185
0.451000  0.841300
0.451100  0.841447
0.451200  0.841624
0.451300  0.841832
0.451400  0.842071
0.451500  0.842338
0.451600  0.842635
0.451700  0.842960
0.451800  0.843313
0.451900  0.843693
0.452000  0.844100
0.452100  0.844534
0.452200  0.844993
0.452300  0.845477
0.452400  0.845985
0.452500  0.846516
0.452600  0.847071
0.452700  0.847647
0.452800  0.848244
0.452900  0.848862
0.453000  0.849500
0.453100  0.850156
0.453200  0.850829
0.453300  0.851516
0.453400  0.852215
0.453500  0.852922
0.453600  0.853635
0.453700  0.854352
0.453800  0.855070
0.453900  0.855787
0.454000  0.856500
0.454100  0.857207
0.454200  0.857906
0.454300  0.858599
0.454400  0.859283
0.454500  0.859959
0.454600  0.860627
0.454700  0.861285
0.454800  0.861934
0.454900  0.862572
0.455000  0.863200
0.455100  0.863817
0.455200  0.864423
0.455300  0.865016
0.455400  0.865597
0.455500  0.866166
0.455600  0.866721
0.455700  0.867263
0.455800  0.867790
0.455900  0.868303
0.456000  0.868800
0.456100  0.869282
0.456200  0.869747
0.456300  0.870196
0.456400  0.870627
0.456500  0.871039
0.456600  0.871433
0.456700  0.871806
0.456800  0.872159
0.456900  0.872490
0.457000  0.872800
0.457100  0.873087
0.457200  0.873352
0.457300  0.873597
0.457400  0.873821
0.457500  0.874027
0.457600  0.874214
0.457700  0.874384
0.457800  0.874538
0.457900  0.874676
0.458000  0.874800
0.458100  0.874910
0.458200  0.875008
0.458300  0.875095
0.458400  0.875172
0.458500  0.875241
0.458600  0.875302
0.458700  0.875357
0.458800  0.875408
0.458900  0.875455
0.459000  0.875500
0.459100  0.875544
0.459200  0.875588
0.459300  0.875631
0.459400  0.875676
0.459500  0.875723
0.459600  0.875771
0.459700  0.875823
0.459800  0.875878
0.459900  0.875936
0.460000  0.876000
0.460100  0.876069
0.460200  0.876143
0.460300  0.876224
0.460400  0.876311
0.460500  0.876406
0.460600  0.876508
0.460700  0.876618
0.460800  0.876736
0.460900  0.876863
0.461000  0.877000
0.461100  0.877146
0.461200  0.877302
0.461300  0.877466
0.461400  0.877638
0.461500  0.877817
0.461600  0.878003
0.461700  0.878195
0.461800  0.878392
0.461900  0.878594
0.462000  0.878800
0.462100  0.879010
0.462200  0.879223
0.462300  0.879438
0.462400  0.879657
0.462500  0.879877
0.462600  0.880099
0.462700  0.880323
0.462800  0.880548
0.462900  0.880774
0.463000  0.881000
0.463100  0.881227
0.463200  0.881454
0.463300  0.881683
0.463400  0.881915
0.463500  0.882150
0.463600  0.882389
0.463700  0.882632
0.463800  0.882882
0.463900  0.883137
0.464000  0.883400
0.464100  0.883670
0.464200  0.883947
0.464300  0.884228
0.464400  0.884512
0.464500  0.884799
0.464600  0.885085
0.464700  0.885370
0.464800  0.885652
0.464900  0.885929
0.465000  0.886200
0.465100  0.886464
0.465200  0.886720
0.465300  0.886969
0.465400  0.887210
0.465500  0.887443
0.465600  0.887670
0.465700  0.887888
0.465800  0.888099
0.465900  0.888303
0.466000  0.888500
0.466100  0.888689
0.466200  0.888871
0.466300  0.889047
0.466400  0.889215
0.466500  0.889378
0.466600  0.889534
0.466700  0.889684
0.466800  0.889828
0.466900  0.889967
0.467000  0.890100
0.467100  0.890228
0.467200  0.890352
0.467300  0.890471
0.467400  0.890585
0.467500  0.890696
0.467600  0.890803
0.467700  0.890907
0.467800  0.891007
0.467900  0.891105
0.468000  0.891200
0.468100  0.891293
0.468200  0.891384
0.468300  0.891474
0.468400  0.891563
0.468500  0.891651
0.468600  0.891739
0.468700  0.891828
0.468800  0.891917
0.468900  0.892008
0.469000  0.892100
0.469100  0.892194
0.469200  0.892290
0.469300  0.892388
0.469400  0.892487
0.469500  0.892587
0.469600  0.892689
0.469700  0.892791
0.469800  0.892894
0.469900  0.892997
0.470000  0.893100
0.470100  0.893203
0.470200  0.893307
0.470300  0.893411
0.470400  0.893517
0.470500  0.893624
0.470600  0.893733
0.470700  0.893845
0.470800  0.893960
0.470900  0.894078
0.471000  0.894200
0.471100  0.894326
0.471200  0.894456
0.471300  0.894589
0.471400  0.894726
0.471500  0.894866
0.471600  0.895009
0.471700  0.895154
0.471800  0.895301
0.471900  0.895450
0.472000  0.895600
0.472100  0.895751
0.472200  0.895903
0.472300  0.896054
0.472400  0.896203
0.472500  0.896349
0.472600  0.896491
0.472700  0.896628
0.472800  0.896759
0.472900  0.896884
0.473000  0.897000
0.473100  0.897107
0.473200  0.897206
0.473300  0.897296
0.473400  0.897378
0.473500  0.897451
0.473600  0.897516
0.473700  0.897574
0.473800  0.897623
0.473900  0.897665
0.474000  0.897700
0.474100  0.897728
0.474200  0.897748
0.474300  0.897762
0.474400  0.897770
0.474500  0.897772
0.474600  0.897768
0.474700  0.897758
0.474800  0.897744
0.474900  0.897724
0.475000  0.897700
0.475100  0.897671
0.475200  0.897638
0.475300  0.897601
0.475400  0.897558
0.475500  0.897511
0.475600  0.897459
0.475700  0.897402
0.475800  0.897340
0.475900  0.897273
0.476000  0.897200
0.476100  0.897122
0.476200  0.897037
0.476300  0.896944
0.476400  0.896843
0.476500  0.896733
0.476600  0.896611
0.476700  0.896479
0.476800  0.896333
0.476900  0.896174
0.477000  0.896000
0.477100  0.895811
0.477200  0.895608
0.477300  0.895392
0.477400  0.895167
0.477500  0.894933
0.477600  0.894692
0.477700  0.894447
0.477800  0.894199
0.477900  0.893949
0.478000  0.893700
0.478100  0.893453
0.478200  0.893210
0.478300  0.892971
0.478400  0.892738
0.478500  0.892510
0.478600  0.892290
0.478700  0.892078
0.478800  0.891875
0.478900  0.891682
0.479000  0.891500
0.479100  0.891329
0.479200  0.891169
0.479300  0.891019
0.479400  0.890875
0.479500  0.890738
0.479600  0.890606
0.479700  0.890478
0.479800  0.890352
0.479900  0.890226
0.480000  0.890100
0.480100  0.889972
0.480200  0.889845
0.480300  0.889720
0.480400  0.889600
0.480500  0.889486
0.480600  0.889382
0.480700  0.889289
0.480800  0.889209
0.480900  0.889146
0.481000  0.889100
0.481100  0.889074
0.481200  0.889069
0.481300  0.889085
0.481400  0.889122
0.481500  0.889180
0.481600  0.889260
0.481700  0.889361
0.481800  0.889485
0.481900  0.889631
0.482000  0.889800
0.482100  0.889991
0.482200  0.890203
0.482300  0.890434
0.482400  0.890682
0.482500  0.890944
0.482600  0.891219
0.482700  0.891504
0.482800  0.891797
0.482900  0.892096
0.483000  0.892400
0.483100  0.892706
0.483200  0.893014
0.483300  0.893325
0.483400  0.893639
0.483500  0.893956
0.483600  0.894276
0.483700  0.894601
0.483800  0.894929
0.483900  0.895262
0.484000  0.895600
0.484100  0.895943
0.484200  0.896290
0.484300  0.896644
0.484400  0.897003
0.484500  0.897369
0.484600  0.897741
0.484700  0.898120
0.484800  0.898506
0.484900  0.898899
0.485000  0.899300
0.485100  0.899708
0.485200  0.900123
0.485300  0.900543
0.485400  0.900967
0.485500  0.901392
0.485600  0.901818
0.485700  0.902244
0.485800  0.902667
0.485900  0.903086
0.486000  0.903500
0.486100  0.903908
0.486200  0.904308
0.486300  0.904703
0.486400  0.905092
0.486500  0.905474
0.486600  0.905850
0.486700  0.906221
0.486800  0.906586
0.486900  0.906946
0.487000  0.907300
0.487100  0.907649
0.487200  0.907992
0.487300  0.908328
0.487400  0.908656
0.487500  0.908974
0.487600  0.909283
0.487700  0.909581
0.487800  0.909867
0.487900  0.910141
0.488000  0.910400
0.488100  0.910645
0.488200  0.910875
0.488300  0.911091
0.488400  0.911292
0.488500  0.911479
0.488600  0.911652
0.488700  0.911810
0.488800  0.911954
0.488900  0.912084
0.489000  0.912200
0.489100  0.912302
0.489200  0.912391
0.489300  0.912468
0.489400  0.912532
0.489500  0.912585
0.489600  0.912627
0.489700  0.912659
0.489800  0.912681
0.489900  0.912695
0.490000  0.912700
0.490100  0.912698
0.490200  0.912689
0.490300  0.912674
0.490400  0.912655
0.490500  0.912632
0.490600  0.912607
0.490700  0.912580
0.490800  0.912552
0.490900  0.912525
0.491000  0.912500
0.491100  0.912477
0.491200  0.912456
0.491300  0.912436
0.491400  0.912418
0.491500  0.912400
0.491600  0.912382
0.491700  0.912364
0.491800  0.912344
0.491900  0.912323
0.492000  0.912300
0.492100  0.912275
0.492200  0.912248
0.492300  0.912220
0.492400  0.912193
0.492500  0.912168
0.492600  0.912145
0.492700  0.912126
0.492800  0.912111
0.492900  0.912102
0.493000  0.912100
0.493100  0.912105
0.493200  0.912118
0.493300  0.912139
0.493400  0.912167
0.493500  0.912203
0.493600  0.912247
0.493700  0.912298
0.493800  0.912358
0.493900  0.912425
0.494000  0.912500
0.494100  0.912583
0.494200  0.912673
0.494300  0.912770
0.494400  0.912874
0.494500  0.912983
0.494600  0.913098
0.494700  0.913217
0.494800  0.913341
0.494900  0.913469
0.495000  0.913600
0.495100  0.913734
0.495200  0.913871
0.495300  0.914011
0.495400  0.914155
0.495500  0.914303
0.495600  0.914454
0.495700  0.914609
0.495800  0.914768
0.495900  0.914932
0.496000  0.915100
0.496100  0.915273
0.496200  0.915450
0.496300  0.915629
0.496400  0.915811
0.496500  0.915994
0.496600  0.916178
0.496700  0.916361
0.496800  0.916543
0.496900  0.916723
0.497000  0.916900
0.497100  0.917073
0.497200  0.917242
0.497300  0.917407
0.497400  0.917566
0.497500  0.917720
0.497600  0.917869
0.497700  0.918012
0.497800  0.918148
0.497900  0.918278
0.498000  0.918400
0.498100  0.918515
0.498200  0.918622
0.498300  0.918720
0.498400  0.918808
0.498500  0.918887
0.498600  0.918954
0.498700  0.919010
0.498800  0.919053
0.498900  0.919083
0.499000  0.919100
0.499100  0.919102
0.499200  0.919091
0.499300  0.919065
0.499400  0.919025
0.499500  0.918971
0.499600  0.918904
0.499700  0.918823
0.499800  0.918728
0.499900  0.918621
0.500000  0.918500
0.500100  0.918366
0.500200  0.918221
0.500300  0.918063
0.500400  0.917895
0.500500  0.917717
0.500600  0.917529
0.500700  0.917333
0.500800  0.917129
0.500900  0.916918
0.501000  0.916700
0.501100  0.916476
0.501200  0.916246
0.501300  0.916009
0.501400  0.915764
0.501500  0.915511
0.501600  0.915249
0.501700  0.914978
0.501800  0.914696
0.501900  0.914404
0.502000  0.914100
0.502100  0.913784
0.502200  0.913457
0.502300  0.913119
0.502400  0.912771
0.502500  0.912413
0.502600  0.912046
0.502700  0.911671
0.502800  0.911288
0.502900  0.910897
0.503000  0.910500
0.503100  0.910097
0.503200  0.909689
0.503300  0.909278
0.503400  0.908864
0.503500  0.908449
0.503600  0.908034
0.503700  0.907620
0.503800  0.907209
0.503900  0.906802
0.504000  0.906400
0.504100  0.906004
0.504200  0.905615
0.504300  0.905233
0.504400  0.904858
0.504500  0.904492
0.504600  0.904134
0.504700  0.903786
0.504800  0.903447
0.504900  0.903118
0.505000  0.902800
0.505100  0.902493
0.505200  0.902197
0.505300  0.901913
0.505400  0.901642
0.505500  0.901383
0.505600  0.901138
0.505700  0.900907
0.505800  0.900689
0.505900  0.900487
0.506000  0.900300
0.506100  0.900128
0.506200  0.899973
0.506300  0.899833
0.506400  0.899709
0.506500  0.899600
0.506600  0.899508
0.506700  0.899432
0.506800  0.899372
0.506900  0.899328
0.507000  0.899300
0.507100  0.899288
0.507200  0.899292
0.507300  0.899311
0.507400  0.899344
0.507500  0.899391
0.507600  0.899450
0.507700  0.899521
0.507800  0.899604
0.507900  0.899697
0.508000  0.899800
0.508100  0.899913
0.508200  0.900035
0.508300  0.900167
0.508400  0.900309
0.508500  0.900462
0.508600  0.900626
0.508700  0.900801
0.508800  0.900989
0.508900  0.901188
0.509000  0.901400
0.509100  0.901625
0.509200  0.901862
0.509300  0.902112
0.509400  0.902374
0.509500  0.902649
0.509600  0.902936
0.509700  0.903234
0.509800  0.903545
0.509900  0.903867
0.510000  0.904200
0.510100  0.904544
0.510200  0.904899
0.510300  0.905264
0.510400  0.905636
0.510500  0.906017
0.510600  0.906404
0.510700  0.906797
0.510800  0.907194
0.510900  0.907596
0.511000  0.908000
0.511100  0.908406
0.511200  0.908813
0.511300  0.909219
0.511400  0.909622
0.511500  0.910021
0.511600  0.910414
0.511700  0.910800
0.511800  0.911178
0.511900  0.911545
0.512000  0.911900
0.512100  0.912242
0.512200  0.912572
0.512300  0.912891
0.512400  0.913200
0.512500  0.913500
0.512600  0.913791
0.512700  0.914076
0.512800  0.914355
0.512900  0.914629
0.513000  0.914900
0.513100  0.915168
0.513200  0.915432
0.513300  0.915692
0.513400  0.915946
0.513500  0.916193
0.513600  0.916434
0.513700  0.916665
0.513800  0.916888
0.513900  0.917100
0.514000  0.917300
0.514100  0.917488
0.514200  0.917664
0.514300  0.917827
0.514400  0.917977
0.514500  0.918114
0.514600  0.918238
0.514700  0.918349
0.514800  0.918446
0.514900  0.918530
0.515000  0.918600
0.515100  0.918656
0.515200  0.918699
0.515300  0.918729
0.515400  0.918745
0.515500  0.918750
0.515600  0.918742
0.515700  0.918723
0.515800  0.918693
0.515900  0.918652
0.516000  0.918600
0.516100  0.918538
0.516200  0.918467
0.516300  0.918386
0.516400  0.918297
0.516500  0.918199
0.516600  0.918094
0.516700  0.917980
0.516800  0.917860
0.516900  0.917733
0.517000  0.917600
0.517100  0.917461
0.517200  0.917317
0.517300  0.917167
0.517400  0.917013
0.517500  0.916854
0.517600  0.916690
0.517700  0.916523
0.517800  0.916352
0.517900  0.916178
0.518000  0.916000
0.518100  0.915820
0.518200  0.915636
0.518300  0.915451
0.518400  0.915263
0.518500  0.915073
0.518600  0.914882
0.518700  0.914688
0.518800  0.914493
0.518900  0.914297
0.519000  0.914100
0.519100  0.913902
0.519200  0.913704
0.519300  0.913506
0.519400  0.913310
0.519500  0.913115
0.519600  0.912924
0.519700  0.912736
0.519800  0.912552
0.519900  0.912373
0.520000  0.912200
0.520100  0.912033
0.520200  0.911872
0.520300  0.911716
0.520400  0.911564
0.520500  0.911416
0.520600  0.911270
0.520700  0.911126
0.520800  0.910984
0.520900  0.910842
0.521000  0.910700
0.521100  0.910557
0.521200  0.910414
0.521300  0.910270
0.521400  0.910127
0.521500  0.909985
0.521600  0.909844
0.521700  0.909704
0.521800  0.909567
0.521900  0.909432
0.522000  0.909300
0.522100  0.909172
0.522200  0.909047
0.522300  0.908925
0.522400  0.908808
0.522500  0.908695
0.522600  0.908587
0.522700  0.908483
0.522800  0.908383
0.522900  0.908289
0.523000  0.908200
0.523100  0.908116
0.523200  0.908037
0.523300  0.907962
0.523400  0.907890
0.523500  0.907822
0.523600  0.907755
0.523700  0.907691
0.523800  0.907627
0.523900  0.907564
0.524000  0.907500
0.524100  0.907436
0.524200  0.907371
0.524300  0.907307
0.524400  0.907243
0.524500  0.907180
0.524600  0.907119
0.524700  0.907060
0.524800  0.907003
0.524900  0.906950
0.525000  0.906900
0.525100  0.906854
0.525200  0.906811
0.525300  0.906771
0.525400  0.906733
0.525500  0.906695
0.525600  0.906659
0.525700  0.906621
0.525800  0.906583
0.525900  0.906543
0.526000  0.906500
0.526100  0.906454
0.526200  0.906404
0.526300  0.906350
0.526400  0.906291
0.526500  0.906226
0.526600  0.906155
0.526700  0.906078
0.526800  0.905993
0.526900  0.905901
0.527000  0.905800
0.527100  0.905691
0.527200  0.905573
0.527300  0.905448
0.527400  0.905316
0.527500  0.905177
0.527600  0.905031
0.527700  0.904881
0.527800  0.904725
0.527900  0.904564
0.528000  0.904400
0.528100  0.904232
0.528200  0.904062
0.528300  0.903890
0.528400  0.903717
0.528500  0.903543
0.528600  0.903370
0.528700  0.903199
0.528800  0.903029
0.528900  0.902863
0.529000  0.902700
0.529100  0.902541
0.529200  0.902385
0.529300  0.902230
0.529400  0.902073
0.529500  0.901914
0.529600  0.901749
0.529700  0.901577
0.529800  0.901396
0.529900  0.901204
0.530000  0.901000
0.530100  0.900781
0.530200  0.900550
0.530300  0.900306
0.530400  0.900052
0.530500  0.899790
0.530600  0.899520
0.530700  0.899245
0.530800  0.898966
0.530900  0.898683
0.531000  0.898400
0.531100  0.898117
0.531200  0.897834
0.531300  0.897551
0.531400  0.897270
0.531500  0.896989
0.531600  0.896709
0.531700  0.896430
0.531800  0.896152
0.531900  0.895875
0.532000  0.895600
0.532100  0.895326
0.532200  0.895054
0.532300  0.894782
0.532400  0.894512
0.532500  0.894242
0.532600  0.893973
0.532700  0.893705
0.532800  0.893437
0.532900  0.893168
0.533000  0.892900
0.533100  0.892631
0.533200  0.892361
0.533300  0.892088
0.533400  0.891811
0.533500  0.891529
0.533600  0.891241
0.533700  0.890945
0.533800  0.890640
0.533900  0.890326
0.534000  0.890000
0.534100  0.889662
0.534200  0.889314
0.534300  0.888956
0.534400  0.888589
0.534500  0.888216
0.534600  0.887838
0.534700  0.887456
0.534800  0.887071
0.534900  0.886685
0.535000  0.886300
0.535100  0.885916
0.535200  0.885533
0.535300  0.885150
0.535400  0.884766
0.535500  0.884381
0.535600  0.883993
0.535700  0.883602
0.535800  0.883206
0.535900  0.882806
0.536000  0.882400
0.536100  0.881987
0.536200  0.881567
0.536300  0.881140
0.536400  0.880704
0.536500  0.880260
0.536600  0.879808
0.536700  0.879346
0.536800  0.878874
0.536900  0.878392
0.537000  0.877900
0.537100  0.877397
0.537200  0.876882
0.537300  0.876355
0.537400  0.875817
0.537500  0.875265
0.537600  0.874700
0.537700  0.874122
0.537800  0.873529
0.537900  0.872922
0.538000  0.872300
0.538100  0.871663
0.538200  0.871009
0.538300  0.870338
0.538400  0.869650
0.538500  0.868942
0.538600  0.868216
0.538700  0.867469
0.538800  0.866702
0.538900  0.865912
0.539000  0.865100
0.539100  0.864265
0.539200  0.863405
0.539300  0.862522
0.539400  0.861613
0.539500  0.860678
0.539600  0.859717
0.539700  0.858730
0.539800  0.857715
0.539900  0.856672
0.540000  0.855600
0.540100  0.854499
0.540200  0.853364
0.540300  0.852192
0.540400  0.850979
0.540500  0.849720
0.540600  0.848412
0.540700  0.847050
0.540800  0.845630
0.540900  0.844148
0.541000  0.842600
0.541100  0.840982
0.541200  0.839293
0.541300  0.837531
0.541400  0.835693
0.541500  0.833779
0.541600  0.831786
0.541700  0.829714
0.541800  0.827560
0.541900  0.825322
0.542000  0.823000
0.542100  0.820591
0.542200  0.818095
0.542300  0.815509
0.542400  0.812833
0.542500  0.810065
0.542600  0.807204
0.542700  0.804248
0.542800  0.801196
0.542900  0.798047
0.543000  0.794800
0.543100  0.791453
0.543200  0.788003
0.543300  0.784448
0.543400  0.780785
0.543500  0.777012
0.543600  0.773126
0.543700  0.769124
0.543800  0.765005
0.543900  0.760764
0.544000  0.756400
0.544100  0.751910
0.544200  0.747294
0.544300  0.742550
0.544400  0.737677
0.544500  0.732675
0.544600  0.727544
0.544700  0.722281
0.544800  0.716887
0.544900  0.711360
0.545000  0.705700
0.545100  0.699907
0.545200  0.693984
0.545300  0.687937
0.545400  0.681769
0.545500  0.675486
0.545600  0.669092
0.545700  0.662592
0.545800  0.655990
0.545900  0.649291
0.546000  0.642500
0.546100  0.635621
0.546200  0.628659
0.546300  0.621620
0.546400  0.614509
0.546500  0.607329
0.546600  0.600088
0.546700  0.592789
0.546800  0.585438
0.546900  0.578040
0.547000  0.570600
0.547100  0.563123
0.547200  0.555611
0.547300  0.548070
0.547400  0.540501
0.547500  0.532908
0.547600  0.525295
0.547700  0.517664
0.547800  0.510019
0.547900  0.502363
0.548000  0.494700
0.548100  0.487033
0.548200  0.479367
0.548300  0.471709
0.548400  0.464063
0.548500  0.456438
0.548600  0.448837
0.548700  0.441266
0.548800  0.433733
0.548900  0.426242
0.549000  0.418800
0.549100  0.411412
0.549200  0.404082
0.549300  0.396816
0.549400  0.389618
0.549500  0.382492
0.549600  0.375442
0.549700  0.368474
0.549800  0.361591
0.549900  0.354798
0.550000  0.348100
0.550100  0.341500
0.550200  0.334999
0.550300  0.328596
0.550400  0.322291
0.550500  0.316083
0.550600  0.309973
0.550700  0.303960
0.550800  0.298044
0.550900  0.292224
0.551000  0.286500
0.551100  0.280872
0.551200  0.275339
0.551300  0.269902
0.551400  0.264560
0.551500  0.259313
0.551600  0.254161
0.551700  0.249104
0.551800  0.244142
0.551900  0.239274
0.552000  0.234500
0.552100  0.229820
0.552200  0.225233
0.552300  0.220738
0.552400  0.216332
0.552500  0.212014
0.552600  0.207783
0.552700  0.203638
0.552800  0.199577
0.552900  0.195598
0.553000  0.191700
0.553100  0.187882
0.553200  0.184142
0.553300  0.180479
0.553400  0.176892
0.553500  0.173380
0.553600  0.169942
0.553700  0.166576
0.553800  0.163281
0.553900  0.160056
0.554000  0.156900
0.554100  0.153811
0.554200  0.150789
0.554300  0.147831
0.554400  0.144935
0.554500  0.142102
0.554600  0.139328
0.554700  0.136612
0.554800  0.133953
0.554900  0.131350
0.555000  0.128800
0.555100  0.126303
0.555200  0.123857
0.555300  0.121463
0.555400  0.119119
0.555500  0.116826
0.555600  0.114583
0.555700  0.112389
0.555800  0.110244
0.555900  0.108148
0.556000  0.106100
0.556100  0.104099
0.556200  0.102145
0.556300  0.100234
0.556400  0.098366
0.556500  0.096538
0.556600  0.094748
0.556700  0.092996
0.556800  0.091278
0.556900  0.089593
0.557000  0.087940
0.557100  0.086316
0.557200  0.084722
0.557300  0.083156
0.557400  0.081619
0.557500  0.080110
0.557600  0.078628
0.557700  0.077174
0.557800  0.075746
0.557900  0.074345
0.558000  0.072970
0.558100  0.071621
0.558200  0.070297
0.558300  0.068998
0.558400  0.067724
0.558500  0.066474
0.558600  0.065249
0.558700  0.064047
0.558800  0.062868
0.558900  0.061713
0.559000  0.060580
0.559100  0.059470
0.559200  0.058381
0.559300  0.057314
0.559400  0.056267
0.559500  0.055239
0.559600  0.054232
0.559700  0.053242
0.559800  0.052271
0.559900  0.051317
0.560000  0.050380
0.560100  0.049459
0.560200  0.048554
0.560300  0.047663
0.560400  0.046788
0.560500  0.045927
0.560600  0.045079
0.560700  0.044246
0.560800  0.043425
0.560900  0.042616
0.561000  0.041820
0.561100  0.041035
0.561200  0.040263
0.561300  0.039502
0.561400  0.038753
0.561500  0.038016
0.561600  0.037292
0.561700  0.036580
0.561800  0.035880
0.561900  0.035194
0.562000  0.034520
0.562100  0.033859
0.562200  0.033211
0.562300  0.032575
0.562400  0.031951
0.562500  0.031339
0.562600  0.030738
0.562700  0.030148
0.562800  0.029569
0.562900  0.028999
0.563000  0.028440
0.563100  0.027890
0.563200  0.027350
0.563300  0.026818
0.563400  0.026295
0.563500  0.025781
0.563600  0.025275
0.563700  0.024777
0.563800  0.024287
0.563900  0.023805
0.564000  0.023330
0.564100  0.022862
0.564200  0.022402
0.564300  0.021948
0.564400  0.021503
0.564500  0.021065
0.564600  0.020636
0.564700  0.020214
0.564800  0.019801
0.564900  0.019396
0.565000  0.019000
0.565100  0.018613
0.565200  0.018234
0.565300  0.017864
0.565400  0.017502
0.565500  0.017148
0.565600  0.016802
0.565700  0.016463
0.565800  0.016132
0.565900  0.015807
0.566000  0.015490
0.566100  0.015179
0.566200  0.014875
0.566300  0.014577
0.566400  0.014286
0.566500  0.014000
0.566600  0.013721
0.566700  0.013447
0.566800  0.013179
0.566900  0.012917
0.567000  0.012660
0.567100  0.012408
0.567200  0.012162
0.567300  0.011920
0.567400  0.011684
0.567500  0.011452
0.567600  0.011225
0.567700  0.011002
0.567800  0.010784
0.567900  0.010570
0.568000  0.010360
0.568100  0.010154
0.568200  0.009952
0.568300  0.009754
0.568400  0.009560
0.568500  0.009370
0.568600  0.009183
0.568700  0.008999
0.568800  0.008819
0.568900  0.008643
0.569000  0.008469
0.569100  0.008299
0.569200  0.008131
0.569300  0.007968
0.569400  0.007807
0.569500  0.007651
0.569600  0.007498
0.569700  0.007349
0.569800  0.007204
0.569900  0.007063
0.570000  0.006927
0.570100  0.006795
0.570200  0.006667
0.570300  0.006543
0.570400  0.006423
0.570500  0.006306
0.570600  0.006193
0.570700  0.006083
0.570800  0.005975
0.570900  0.005870
0.571000  0.005768
0.571100  0.005668
0.571200  0.005570
0.571300  0.005473
0.571400  0.005379
0.571500  0.005286
0.571600  0.005194
0.571700  0.005103
0.571800  0.005014
0.571900  0.004925
0.572000  0.004837
0.572100  0.004750
0.572200  0.004663
0.572300  0.004577
0.572400  0.004493
0.572500  0.004410
0.572600  0.004329
0.572700  0.004250
0.572800  0.004173
0.572900  0.004099
0.573000  0.004028
0.573100  0.003960
0.573200  0.003895
0.573300  0.003832
0.573400  0.003772
0.573500  0.003714
0.573600  0.003658
0.573700  0.003603
0.573800  0.003550
0.573900  0.003499
0.574000  0.003448
0.574100  0.003398
0.574200  0.003349
0.574300  0.003300
0.574400  0.003252
0.574500  0.003205
0.574600  0.003158
0.574700  0.003112
0.574800  0.003066
0.574900  0.003020
0.575000  0.002975
0.575100  0.002930
0.575200  0.002885
0.575300  0.002841
0.575400  0.002797
0.575500  0.002754
0.575600  0.002711
0.575700  0.002669
0.575800  0.002628
0.575900  0.002588
0.576000  0.002548
0.576100  0.002509
0.576200  0.002472
0.576300  0.002435
0.576400  0.002399
0.576500  0.002363
0.576600  0.002329
0.576700  0.002295
0.576800  0.002262
0.576900  0.002229
0.577000  0.002197
0.577100  0.002166
0.577200  0.002135
0.577300  0.002105
0.577400  0.002076
0.577500  0.002047
0.577600  0.002020
0.577700  0.001994
0.577800  0.001969
0.577900  0.001945
0.578000  0.001923
0.578100  0.001902
0.578200  0.001882
0.578300  0.001864
0.578400  0.001847
0.578500  0.001830
0.578600  0.001814
0.578700  0.001799
0.578800  0.001784
0.578900  0.001769
0.579000  0.001755
0.579100  0.001741
0.579200  0.001726
0.579300  0.001711
0.579400  0.001696
0.579500  0.001681
0.579600  0.001666
0.579700  0.001651
0.579800  0.001635
0.579900  0.001619
0.580000  0.001602
0.580100  0.001585
0.580200  0.001568
0.580300  0.001550
0.580400  0.001532
0.580500  0.001515
0.580600  0.001498
0.580700  0.001481
0.580800  0.001465
0.580900  0.001449
0.581000  0.001434
0.581100  0.001420
0.581200  0.001407
0.581300  0.001394
0.581400  0.001382
0.581500  0.001370
0.581600  0.001359
0.581700  0.001347
0.581800  0.001336
0.581900  0.001324
0.582000  0.001312
0.582100  0.001299
0.582200  0.001287
0.582300  0.001273
0.582400  0.001260
0.582500  0.001246
0.582600  0.001232
0.582700  0.001218
0.582800  0.001203
0.582900  0.001189
0.583000  0.001175
0.583100  0.001161
0.583200  0.001147
0.583300  0.001134
0.583400  0.001120
0.583500  0.001108
0.583600  0.001095
0.583700  0.001084
0.583800  0.001073
0.583900  0.001062
0.584000  0.001053
0.584100  0.001044
0.584200  0.001036
0.584300  0.001029
0.584400  0.001023
0.584500  0.001017
0.584600  0.001011
0.584700  0.001006
0.584800  0.001001
0.584900  0.000997
0.585000  0.000992
0.585100  0.000987
0.585200  0.000983
0.585300  0.000978
0.585400  0.000974
0.585500  0.000969
0.585600  0.000965
0.585700  0.000960
0.585800  0.000956
0.585900  0.000951
0.586000  0.000946
0.586100  0.000941
0.586200  0.000936
0.586300  0.000930
0.586400  0.000924
0.586500  0.000917
0.586600  0.000910
0.586700  0.000902
0.586800  0.000892
0.586900  0.000882
0.587000  0.000870
0.587100  0.000857
0.587200  0.000843
0.587300  0.000827
0.587400  0.000812
0.587500  0.000795
0.587600  0.000779
0.587700  0.000763
0.587800  0.000747
0.587900  0.000732
0.588000  0.000717
0.588100  0.000704
0.588200  0.000691
0.588300  0.000680
0.588400  0.000669
0.588500  0.000660
0.588600  0.000651
0.588700  0.000644
0.588800  0.000637
0.588900  0.000631
0.589000  0.000626
0.589100  0.000622
0.589200  0.000618
0.589300  0.000614
0.589400  0.000611
0.589500  0.000607
0.589600  0.000603
0.589700  0.000599
0.589800  0.000594
0.589900  0.000587
0.590000  0.000580
0.590100  0.000571
0.590200  0.000561
0.590300  0.000550
0.590400  0.000539
0.590500  0.000527
0.590600  0.000515
0.590700  0.000504
0.590800  0.000493
0.590900  0.000482
0.591000  0.000473
0.591100  0.000465
0.591200  0.000458
0.591300  0.000453
0.591400  0.000448
0.591500  0.000444
0.591600  0.000440
0.591700  0.000437
0.591800  0.000433
0.591900  0.000430
0.592000  0.000427
0.592100  0.000423
0.592200  0.000419
0.592300  0.000415
0.592400  0.000411
0.592500  0.000406
0.592600  0.000401
0.592700  0.000396
0.592800  0.000391
0.592900  0.000386
0.593000  0.000381
0.593100  0.000376
0.593200  0.000371
0.593300  0.000365
0.593400  0.000360
0.593500  0.000356
0.593600  0.000351
0.593700  0.000347
0.593800  0.000343
0.593900  0.000339
0.594000  0.000336
0.594100  0.000333
0.594200  0.000331
0.594300  0.000329
0.594400  0.000327
0.594500  0.000325
0.594600  0.000322
0.594700  0.000319
0.594800  0.000315
0.594900  0.000311
0.595000  0.000305
0.595100  0.000298
0.595200  0.000291
0.595300  0.000283
0.595400  0.000274
0.595500  0.000265
0.595600  0.000257
0.595700  0.000249
0.595800  0.000241
0.595900  0.000234
0.596000  0.000229
0.596100  0.000225
0.596200  0.000222
0.596300  0.000220
0.596400  0.000220
0.596500  0.000220
0.596600  0.000221
0.596700  0.000222
0.596800  0.000224
0.596900  0.000226
0.597000  0.000229
0.597100  0.000232
0.597200  0.000234
0.597300  0.000236
0.597400  0.000238
0.597500  0.000239
0.597600  0.000239
0.597700  0.000239
0.597800  0.000237
0.597900  0.000234
0.598000  0.000229
0.598100  0.000223
0.598200  0.000215
0.598300  0.000206
0.598400  0.000197
0.598500  0.000187
0.598600  0.000176
0.598700  0.000166
0.598800  0.000155
0.598900  0.000146
0.599000  0.000137
0.599100  0.000129
0.599200  0.000122
0.599300  0.000117
0.599400  0.000112
0.599500  0.000109
0.599600  0.000106
0.599700  0.000105
0.599800  0.000105
0.599900  0.000105
0.600000  0.000107
0.600100  0.000110
0.600200  0.000113
0.600300  0.000118
0.600400  0.000122
0.600500  0.000127
0.600600  0.000133
0.600700  0.000138
0.600800  0.000143
0.600900  0.000148
0.601000  0.000153
0.601100  0.000157
0.601200  0.000160
0.601300  0.000163
0.601400  0.000164
0.601500  0.000165
0.601600  0.000165
0.601700  0.000164
0.601800  0.000161
0.601900  0.000158
0.602000  0.000153
0.602100  0.000147
0.602200  0.000140
0.602300  0.000132
0.602400  0.000123
0.602500  0.000115
0.602600  0.000106
