# author : MAVIS package
# source : SVO Filter Profile Service, filter ID SLOAN/SDSS.uprime_filter
# source_reference : http://filters.apo.nmsu.edu/curves/SDSS/
# source_components : Filter
# date_created  : 2026-08-19
# date_modified : 2026-08-19
# type : filter:transmission
# status : development
# description : SDSS u' filter-only transmission (USNO 40-inch measurement). Stand-in for the not-yet-measured MAVIS filter of the same name; filter glass only, detector QE and telescope reflectivity are applied separately by ScopeSim.
# wavelength_unit : um
# changes :
# - 2026-08-19 Fetched from SVO, replacing the earlier top-hat approximation
wavelength  transmission
0.301300  0.001010
0.301400  0.001100
0.301500  0.001190
0.301600  0.001290
0.301700  0.001400
0.301800  0.001520
0.301900  0.001660
0.302000  0.001800
0.302100  0.001950
0.302200  0.002120
0.302300  0.002300
0.302400  0.002480
0.302500  0.002680
0.302600  0.002880
0.302700  0.003100
0.302800  0.003320
0.302900  0.003560
0.303000  0.003800
0.303100  0.004050
0.303200  0.004310
0.303300  0.004580
0.303400  0.004870
0.303500  0.005160
0.303600  0.005470
0.303700  0.005800
0.303800  0.006150
0.303900  0.006510
0.304000  0.006900
0.304100  0.007310
0.304200  0.007740
0.304300  0.008190
0.304400  0.008670
0.304500  0.009160
0.304600  0.009680
0.304700  0.010230
0.304800  0.010790
0.304900  0.011390
0.305000  0.012000
0.305100  0.012640
0.305200  0.013300
0.305300  0.013990
0.305400  0.014710
0.305500  0.015450
0.305600  0.016220
0.305700  0.017020
0.305800  0.017850
0.305900  0.018710
0.306000  0.019600
0.306100  0.020520
0.306200  0.021480
0.306300  0.022470
0.306400  0.023490
0.306500  0.024560
0.306600  0.025660
0.306700  0.026810
0.306800  0.027990
0.306900  0.029220
0.307000  0.030500
0.307100  0.031820
0.307200  0.033200
0.307300  0.034610
0.307400  0.036080
0.307500  0.037600
0.307600  0.039160
0.307700  0.040770
0.307800  0.042430
0.307900  0.044140
0.308000  0.045900
0.308100  0.047710
0.308200  0.049560
0.308300  0.051470
0.308400  0.053410
0.308500  0.055400
0.308600  0.057420
0.308700  0.059490
0.308800  0.061590
0.308900  0.063730
0.309000  0.065900
0.309100  0.068100
0.309200  0.070330
0.309300  0.072590
0.309400  0.074880
0.309500  0.077200
0.309600  0.079550
0.309700  0.081920
0.309800  0.084320
0.309900  0.086750
0.310000  0.089200
0.310100  0.091680
0.310200  0.094180
0.310300  0.096700
0.310400  0.099250
0.310500  0.101810
0.310600  0.104400
0.310700  0.107000
0.310800  0.109620
0.310900  0.112250
0.311000  0.114900
0.311100  0.117560
0.311200  0.120240
0.311300  0.122920
0.311400  0.125620
0.311500  0.128340
0.311600  0.131060
0.311700  0.133800
0.311800  0.136560
0.311900  0.139320
0.312000  0.142100
0.312100  0.144890
0.312200  0.147700
0.312300  0.150520
0.312400  0.153360
0.312500  0.156210
0.312600  0.159070
0.312700  0.161950
0.312800  0.164850
0.312900  0.167770
0.313000  0.170700
0.313100  0.173650
0.313200  0.176620
0.313300  0.179600
0.313400  0.182610
0.313500  0.185630
0.313600  0.188670
0.313700  0.191720
0.313800  0.194800
0.313900  0.197890
0.314000  0.201000
0.314100  0.204130
0.314200  0.207280
0.314300  0.210450
0.314400  0.213640
0.314500  0.216860
0.314600  0.220110
0.314700  0.223380
0.314800  0.226690
0.314900  0.230030
0.315000  0.233400
0.315100  0.236810
0.315200  0.240250
0.315300  0.243730
0.315400  0.247240
0.315500  0.250790
0.315600  0.254370
0.315700  0.257980
0.315800  0.261620
0.315900  0.265300
0.316000  0.269000
0.316100  0.272730
0.316200  0.276490
0.316300  0.280270
0.316400  0.284050
0.316500  0.287850
0.316600  0.291660
0.316700  0.295460
0.316800  0.299250
0.316900  0.303030
0.317000  0.306800
0.317100  0.310540
0.317200  0.314260
0.317300  0.317930
0.317400  0.321570
0.317500  0.325150
0.317600  0.328670
0.317700  0.332120
0.317800  0.335500
0.317900  0.338790
0.318000  0.342000
0.318100  0.345110
0.318200  0.348120
0.318300  0.351040
0.318400  0.353850
0.318500  0.356570
0.318600  0.359190
0.318700  0.361720
0.318800  0.364140
0.318900  0.366470
0.319000  0.368700
0.319100  0.370830
0.319200  0.372880
0.319300  0.374840
0.319400  0.376730
0.319500  0.378550
0.319600  0.380320
0.319700  0.382040
0.319800  0.383720
0.319900  0.385370
0.320000  0.387000
0.320100  0.388610
0.320200  0.390220
0.320300  0.391830
0.320400  0.393460
0.320500  0.395110
0.320600  0.396790
0.320700  0.398510
0.320800  0.400270
0.320900  0.402100
0.321000  0.404000
0.321100  0.405970
0.321200  0.408020
0.321300  0.410150
0.321400  0.412360
0.321500  0.414660
0.321600  0.417030
0.321700  0.419490
0.321800  0.422040
0.321900  0.424680
0.322000  0.427400
0.322100  0.430210
0.322200  0.433110
0.322300  0.436080
0.322400  0.439120
0.322500  0.442230
0.322600  0.445390
0.322700  0.448610
0.322800  0.451870
0.322900  0.455170
0.323000  0.458500
0.323100  0.461860
0.323200  0.465230
0.323300  0.468610
0.323400  0.472000
0.323500  0.475370
0.323600  0.478730
0.323700  0.482060
0.323800  0.485350
0.323900  0.488600
0.324000  0.491800
0.324100  0.494940
0.324200  0.498010
0.324300  0.501010
0.324400  0.503930
0.324500  0.506770
0.324600  0.509510
0.324700  0.512170
0.324800  0.514720
0.324900  0.517170
0.325000  0.519500
0.325100  0.521720
0.325200  0.523820
0.325300  0.525820
0.325400  0.527700
0.325500  0.529480
0.325600  0.531160
0.325700  0.532730
0.325800  0.534220
0.325900  0.535600
0.326000  0.536900
0.326100  0.538110
0.326200  0.539240
0.326300  0.540310
0.326400  0.541320
0.326500  0.542290
0.326600  0.543210
0.326700  0.544120
0.326800  0.545010
0.326900  0.545900
0.327000  0.546800
0.327100  0.547710
0.327200  0.548650
0.327300  0.549620
0.327400  0.550630
0.327500  0.551690
0.327600  0.552800
0.327700  0.553970
0.327800  0.555200
0.327900  0.556510
0.328000  0.557900
0.328100  0.559370
0.328200  0.560940
0.328300  0.562580
0.328400  0.564310
0.328500  0.566130
0.328600  0.568020
0.328700  0.570000
0.328800  0.572050
0.328900  0.574190
0.329000  0.576400
0.329100  0.578690
0.329200  0.581050
0.329300  0.583480
0.329400  0.585970
0.329500  0.588530
0.329600  0.591140
0.329700  0.593810
0.329800  0.596530
0.329900  0.599290
0.330000  0.602100
0.330100  0.604950
0.330200  0.607820
0.330300  0.610720
0.330400  0.613630
0.330500  0.616540
0.330600  0.619440
0.330700  0.622330
0.330800  0.625190
0.330900  0.628020
0.331000  0.630800
0.331100  0.633530
0.331200  0.636200
0.331300  0.638810
0.331400  0.641360
0.331500  0.643830
0.331600  0.646230
0.331700  0.648550
0.331800  0.650790
0.331900  0.652940
0.332000  0.655000
0.332100  0.656960
0.332200  0.658830
0.332300  0.660610
0.332400  0.662310
0.332500  0.663910
0.332600  0.665440
0.332700  0.666890
0.332800  0.668270
0.332900  0.669570
0.333000  0.670800
0.333100  0.671970
0.333200  0.673070
0.333300  0.674120
0.333400  0.675110
0.333500  0.676060
0.333600  0.676960
0.333700  0.677820
0.333800  0.678640
0.333900  0.679440
0.334000  0.680200
0.334100  0.680940
0.334200  0.681660
0.334300  0.682370
0.334400  0.683060
0.334500  0.683730
0.334600  0.684400
0.334700  0.685050
0.334800  0.685700
0.334900  0.686350
0.335000  0.687000
0.335100  0.687650
0.335200  0.688300
0.335300  0.688950
0.335400  0.689600
0.335500  0.690240
0.335600  0.690890
0.335700  0.691520
0.335800  0.692160
0.335900  0.692780
0.336000  0.693400
0.336100  0.694010
0.336200  0.694610
0.336300  0.695200
0.336400  0.695780
0.336500  0.696350
0.336600  0.696910
0.336700  0.697450
0.336800  0.697980
0.336900  0.698500
0.337000  0.699000
0.337100  0.699490
0.337200  0.699960
0.337300  0.700430
0.337400  0.700880
0.337500  0.701340
0.337600  0.701790
0.337700  0.702230
0.337800  0.702680
0.337900  0.703140
0.338000  0.703600
0.338100  0.704070
0.338200  0.704550
0.338300  0.705050
0.338400  0.705570
0.338500  0.706110
0.338600  0.706670
0.338700  0.707260
0.338800  0.707870
0.338900  0.708520
0.339000  0.709200
0.339100  0.709920
0.339200  0.710680
0.339300  0.711470
0.339400  0.712300
0.339500  0.713170
0.339600  0.714080
0.339700  0.715030
0.339800  0.716010
0.339900  0.717040
0.340000  0.718100
0.340100  0.719200
0.340200  0.720340
0.340300  0.721520
0.340400  0.722730
0.340500  0.723980
0.340600  0.725260
0.340700  0.726570
0.340800  0.727920
0.340900  0.729300
0.341000  0.730700
0.341100  0.732130
0.341200  0.733590
0.341300  0.735060
0.341400  0.736540
0.341500  0.738020
0.341600  0.739510
0.341700  0.740980
0.341800  0.742440
0.341900  0.743880
0.342000  0.745300
0.342100  0.746680
0.342200  0.748030
0.342300  0.749330
0.342400  0.750570
0.342500  0.751750
0.342600  0.752870
0.342700  0.753910
0.342800  0.754860
0.342900  0.755730
0.343000  0.756500
0.343100  0.757170
0.343200  0.757720
0.343300  0.758170
0.343400  0.758510
0.343500  0.758740
0.343600  0.758850
0.343700  0.758840
0.343800  0.758710
0.343900  0.758470
0.344000  0.758100
0.344100  0.757610
0.344200  0.756990
0.344300  0.756260
0.344400  0.755420
0.344500  0.754480
0.344600  0.753430
0.344700  0.752280
0.344800  0.751040
0.344900  0.749710
0.345000  0.748300
0.345100  0.746810
0.345200  0.745250
0.345300  0.743630
0.345400  0.741960
0.345500  0.740240
0.345600  0.738500
0.345700  0.736730
0.345800  0.734960
0.345900  0.733170
0.346000  0.731400
0.346100  0.729640
0.346200  0.727910
0.346300  0.726210
0.346400  0.724560
0.346500  0.722950
0.346600  0.721410
0.346700  0.719930
0.346800  0.718530
0.346900  0.717220
0.347000  0.716000
0.347100  0.714880
0.347200  0.713870
0.347300  0.712980
0.347400  0.712190
0.347500  0.711530
0.347600  0.710980
0.347700  0.710560
0.347800  0.710270
0.347900  0.710120
0.348000  0.710100
0.348100  0.710220
0.348200  0.710480
0.348300  0.710880
0.348400  0.711410
0.348500  0.712080
0.348600  0.712880
0.348700  0.713820
0.348800  0.714880
0.348900  0.716080
0.349000  0.717400
0.349100  0.718850
0.349200  0.720420
0.349300  0.722100
0.349400  0.723880
0.349500  0.725750
0.349600  0.727720
0.349700  0.729760
0.349800  0.731880
0.349900  0.734060
0.350000  0.736300
0.350100  0.738590
0.350200  0.740910
0.350300  0.743260
0.350400  0.745620
0.350500  0.747980
0.350600  0.750330
0.350700  0.752660
0.350800  0.754960
0.350900  0.757210
0.351000  0.759400
0.351100  0.761520
0.351200  0.763570
0.351300  0.765520
0.351400  0.767370
0.351500  0.769110
0.351600  0.770730
0.351700  0.772220
0.351800  0.773570
0.351900  0.774770
0.352000  0.775800
0.352100  0.776660
0.352200  0.777360
0.352300  0.777890
0.352400  0.778250
0.352500  0.778460
0.352600  0.778500
0.352700  0.778400
0.352800  0.778150
0.352900  0.777750
0.353000  0.777200
0.353100  0.776520
0.353200  0.775700
0.353300  0.774760
0.353400  0.773700
0.353500  0.772540
0.353600  0.771280
0.353700  0.769920
0.353800  0.768490
0.353900  0.766980
0.354000  0.765400
0.354100  0.763760
0.354200  0.762080
0.354300  0.760360
0.354400  0.758600
0.354500  0.756820
0.354600  0.755030
0.354700  0.753230
0.354800  0.751440
0.354900  0.749660
0.355000  0.747900
0.355100  0.746170
0.355200  0.744480
0.355300  0.742840
0.355400  0.741250
0.355500  0.739720
0.355600  0.738270
0.355700  0.736890
0.355800  0.735600
0.355900  0.734400
0.356000  0.733300
0.356100  0.732310
0.356200  0.731440
0.356300  0.730690
0.356400  0.730060
0.356500  0.729570
0.356600  0.729220
0.356700  0.729010
0.356800  0.728950
0.356900  0.729040
0.357000  0.729300
0.357100  0.729720
0.357200  0.730300
0.357300  0.731020
0.357400  0.731890
0.357500  0.732890
0.357600  0.734000
0.357700  0.735230
0.357800  0.736560
0.357900  0.737990
0.358000  0.739500
0.358100  0.741080
0.358200  0.742730
0.358300  0.744430
0.358400  0.746160
0.358500  0.747910
0.358600  0.749670
0.358700  0.751420
0.358800  0.753150
0.358900  0.754850
0.359000  0.756500
0.359100  0.758090
0.359200  0.759610
0.359300  0.761060
0.359400  0.762420
0.359500  0.763690
0.359600  0.764860
0.359700  0.765930
0.359800  0.766880
0.359900  0.767700
0.360000  0.768400
0.360100  0.768960
0.360200  0.769370
0.360300  0.769620
0.360400  0.769710
0.360500  0.769630
0.360600  0.769360
0.360700  0.768910
0.360800  0.768250
0.360900  0.767380
0.361000  0.766300
0.361100  0.764990
0.361200  0.763470
0.361300  0.761730
0.361400  0.759790
0.361500  0.757660
0.361600  0.755350
0.361700  0.752860
0.361800  0.750190
0.361900  0.747370
0.362000  0.744400
0.362100  0.741280
0.362200  0.738040
0.362300  0.734670
0.362400  0.731190
0.362500  0.727620
0.362600  0.723960
0.362700  0.720220
0.362800  0.716430
0.362900  0.712580
0.363000  0.708700
0.363100  0.704790
0.363200  0.700860
0.363300  0.696930
0.363400  0.692990
0.363500  0.689070
0.363600  0.685170
0.363700  0.681310
0.363800  0.677480
0.363900  0.673710
0.364000  0.670000
0.364100  0.666360
0.364200  0.662800
0.364300  0.659320
0.364400  0.655940
0.364500  0.652660
0.364600  0.649480
0.364700  0.646420
0.364800  0.643480
0.364900  0.640670
0.365000  0.638000
0.365100  0.635470
0.365200  0.633080
0.365300  0.630840
0.365400  0.628750
0.365500  0.626800
0.365600  0.625000
0.365700  0.623350
0.365800  0.621850
0.365900  0.620500
0.366000  0.619300
0.366100  0.618250
0.366200  0.617350
0.366300  0.616600
0.366400  0.615990
0.366500  0.615510
0.366600  0.615160
0.366700  0.614940
0.366800  0.614840
0.366900  0.614860
0.367000  0.615000
0.367100  0.615250
0.367200  0.615600
0.367300  0.616060
0.367400  0.616610
0.367500  0.617260
0.367600  0.618000
0.367700  0.618830
0.367800  0.619740
0.367900  0.620730
0.368000  0.621800
0.368100  0.622940
0.368200  0.624140
0.368300  0.625400
0.368400  0.626710
0.368500  0.628050
0.368600  0.629430
0.368700  0.630830
0.368800  0.632250
0.368900  0.633680
0.369000  0.635100
0.369100  0.636520
0.369200  0.637910
0.369300  0.639270
0.369400  0.640600
0.369500  0.641860
0.369600  0.643070
0.369700  0.644190
0.369800  0.645230
0.369900  0.646170
0.370000  0.647000
0.370100  0.647710
0.370200  0.648290
0.370300  0.648750
0.370400  0.649060
0.370500  0.649240
0.370600  0.649280
0.370700  0.649170
0.370800  0.648900
0.370900  0.648480
0.371000  0.647900
0.371100  0.647150
0.371200  0.646250
0.371300  0.645180
0.371400  0.643950
0.371500  0.642570
0.371600  0.641030
0.371700  0.639350
0.371800  0.637510
0.371900  0.635530
0.372000  0.633400
0.372100  0.631130
0.372200  0.628730
0.372300  0.626200
0.372400  0.623550
0.372500  0.620780
0.372600  0.617910
0.372700  0.614940
0.372800  0.611870
0.372900  0.608730
0.373000  0.605500
0.373100  0.602200
0.373200  0.598840
0.373300  0.595420
0.373400  0.591950
0.373500  0.588430
0.373600  0.584870
0.373700  0.581290
0.373800  0.577670
0.373900  0.574040
0.374000  0.570400
0.374100  0.566750
0.374200  0.563100
0.374300  0.559450
0.374400  0.555820
0.374500  0.552200
0.374600  0.548600
0.374700  0.545020
0.374800  0.541480
0.374900  0.537970
0.375000  0.534500
0.375100  0.531080
0.375200  0.527700
0.375300  0.524380
0.375400  0.521100
0.375500  0.517890
0.375600  0.514730
0.375700  0.511620
0.375800  0.508580
0.375900  0.505610
0.376000  0.502700
0.376100  0.499860
0.376200  0.497090
0.376300  0.494380
0.376400  0.491740
0.376500  0.489160
0.376600  0.486650
0.376700  0.484190
0.376800  0.481800
0.376900  0.479470
0.377000  0.477200
0.377100  0.474990
0.377200  0.472830
0.377300  0.470720
0.377400  0.468660
0.377500  0.466650
0.377600  0.464680
0.377700  0.462760
0.377800  0.460870
0.377900  0.459020
0.378000  0.457200
0.378100  0.455410
0.378200  0.453650
0.378300  0.451910
0.378400  0.450200
0.378500  0.448500
0.378600  0.446820
0.378700  0.445150
0.378800  0.443500
0.378900  0.441850
0.379000  0.440200
0.379100  0.438560
0.379200  0.436910
0.379300  0.435260
0.379400  0.433600
0.379500  0.431920
0.379600  0.430230
0.379700  0.428510
0.379800  0.426770
0.379900  0.425000
0.380000  0.423200
0.380100  0.421360
0.380200  0.419490
0.380300  0.417570
0.380400  0.415610
0.380500  0.413610
0.380600  0.411560
0.380700  0.409470
0.380800  0.407330
0.380900  0.405140
0.381000  0.402900
0.381100  0.400610
0.381200  0.398260
0.381300  0.395860
0.381400  0.393420
0.381500  0.390910
0.381600  0.388350
0.381700  0.385750
0.381800  0.383080
0.381900  0.380370
0.382000  0.377600
0.382100  0.374780
0.382200  0.371900
0.382300  0.368980
0.382400  0.366010
0.382500  0.362980
0.382600  0.359910
0.382700  0.356800
0.382800  0.353640
0.382900  0.350440
0.383000  0.347200
0.383100  0.343920
0.383200  0.340600
0.383300  0.337240
0.383400  0.333850
0.383500  0.330430
0.383600  0.326970
0.383700  0.323490
0.383800  0.319990
0.383900  0.316450
0.384000  0.312900
0.384100  0.309330
0.384200  0.305730
0.384300  0.302120
0.384400  0.298500
0.384500  0.294870
0.384600  0.291220
0.384700  0.287570
0.384800  0.283920
0.384900  0.280260
0.385000  0.276600
0.385100  0.272940
0.385200  0.269290
0.385300  0.265640
0.385400  0.262000
0.385500  0.258370
0.385600  0.254740
0.385700  0.251130
0.385800  0.247540
0.385900  0.243960
0.386000  0.240400
0.386100  0.236860
0.386200  0.233340
0.386300  0.229840
0.386400  0.226360
0.386500  0.222890
0.386600  0.219450
0.386700  0.216030
0.386800  0.212640
0.386900  0.209260
0.387000  0.205900
0.387100  0.202560
0.387200  0.199250
0.387300  0.195960
0.387400  0.192690
0.387500  0.189440
0.387600  0.186220
0.387700  0.183030
0.387800  0.179860
0.387900  0.176720
0.388000  0.173600
0.388100  0.170510
0.388200  0.167450
0.388300  0.164420
0.388400  0.161420
0.388500  0.158450
0.388600  0.155500
0.388700  0.152580
0.388800  0.149690
0.388900  0.146830
0.389000  0.144000
0.389100  0.141200
0.389200  0.138420
0.389300  0.135670
0.389400  0.132950
0.389500  0.130260
0.389600  0.127600
0.389700  0.124960
0.389800  0.122350
0.389900  0.119760
0.390000  0.117200
0.390100  0.114670
0.390200  0.112160
0.390300  0.109680
0.390400  0.107230
0.390500  0.104810
0.390600  0.102420
0.390700  0.100070
0.390800  0.097740
0.390900  0.095450
0.391000  0.093200
0.391100  0.090980
0.391200  0.088800
0.391300  0.086650
0.391400  0.084540
0.391500  0.082470
0.391600  0.080430
0.391700  0.078420
0.391800  0.076440
0.391900  0.074510
0.392000  0.072600
0.392100  0.070730
0.392200  0.068890
0.392300  0.067080
0.392400  0.065300
0.392500  0.063560
0.392600  0.061850
0.392700  0.060160
0.392800  0.058510
0.392900  0.056890
0.393000  0.055300
0.393100  0.053740
0.393200  0.052210
0.393300  0.050700
0.393400  0.049230
0.393500  0.047780
0.393600  0.046370
0.393700  0.044980
0.393800  0.043630
0.393900  0.042300
0.394000  0.041000
0.394100  0.039730
0.394200  0.038490
0.394300  0.037280
0.394400  0.036100
0.394500  0.034940
0.394600  0.033820
0.394700  0.032720
0.394800  0.031650
0.394900  0.030610
0.395000  0.029600
0.395100  0.028610
0.395200  0.027660
0.395300  0.026720
0.395400  0.025820
0.395500  0.024940
0.395600  0.024080
0.395700  0.023250
0.395800  0.022450
0.395900  0.021660
0.396000  0.020900
0.396100  0.020160
0.396200  0.019440
0.396300  0.018750
0.396400  0.018070
0.396500  0.017410
0.396600  0.016780
0.396700  0.016160
0.396800  0.015550
0.396900  0.014970
0.397000  0.014400
0.397100  0.013850
0.397200  0.013310
0.397300  0.012790
0.397400  0.012290
0.397500  0.011800
0.397600  0.011330
0.397700  0.010870
0.397800  0.010430
0.397900  0.010010
0.398000  0.009600
0.398100  0.009210
0.398200  0.008830
0.398300  0.008470
0.398400  0.008130
0.398500  0.007790
0.398600  0.007470
0.398700  0.007160
0.398800  0.006870
0.398900  0.006580
0.399000  0.006300
0.399100  0.006030
0.399200  0.005770
0.399300  0.005520
0.399400  0.005270
0.399500  0.005040
0.399600  0.004820
0.399700  0.004600
0.399800  0.004390
0.399900  0.004190
0.400000  0.004000
0.400100  0.003820
0.400200  0.003650
0.400300  0.003480
0.400400  0.003320
0.400500  0.003170
0.400600  0.003020
0.400700  0.002890
0.400800  0.002750
0.400900  0.002620
0.401000  0.002500
0.401100  0.002380
0.401200  0.002270
0.401300  0.002150
0.401400  0.002050
0.401500  0.001950
0.401600  0.001850
0.401700  0.001750
0.401800  0.001660
0.401900  0.001580
0.402000  0.001500
0.402100  0.001430
0.402200  0.001350
0.402300  0.001290
0.402400  0.001220
0.402500  0.001160
0.402600  0.001110
0.402700  0.001050
0.402800  0.001000
0.402900  0.000950
0.403000  0.000900
0.403100  0.000850
0.403200  0.000810
0.403300  0.000760
0.403400  0.000710
0.403500  0.000670
0.403600  0.000630
0.403700  0.000600
0.403800  0.000560
0.403900  0.000530
0.404000  0.000500
0.404100  0.000470
0.404200  0.000450
0.404300  0.000430
0.404400  0.000410
0.404500  0.000390
0.404600  0.000370
0.404700  0.000360
0.404800  0.000340
0.404900  0.000320
0.405000  0.000300
0.405100  0.000280
0.405200  0.000250
0.405300  0.000230
0.405400  0.000210
0.405500  0.000180
