# author : MAVIS package
# source : SVO Filter Profile Service, filter ID Paranal/FORS2.ESO1074
# source_reference : http://filters.ls.eso.org/efs/efs_fi.htm
# source_components : Filter
# date_created  : 2026-08-19
# date_modified : 2026-08-19
# type : filter:transmission
# status : development
# description : Bessell B, ESO filter #1074 as measured for VLT/FORS2. Stand-in for the not-yet-measured MAVIS filter of the same name; filter glass only, detector QE and telescope reflectivity are applied separately by ScopeSim.
# wavelength_unit : um
# changes :
# - 2026-08-19 Fetched from SVO, replacing the earlier top-hat approximation
wavelength  transmission
0.351500  0.004120
0.352000  0.005310
0.352500  0.006760
0.353000  0.008480
0.353500  0.010500
0.354000  0.012880
0.354500  0.015600
0.355000  0.018660
0.355500  0.022180
0.356000  0.026050
0.356500  0.030400
0.357000  0.035110
0.357500  0.040290
0.358000  0.045870
0.358500  0.051830
0.359000  0.058220
0.359500  0.065010
0.360000  0.072070
0.360500  0.079570
0.361000  0.087360
0.361500  0.095440
0.362000  0.103810
0.362500  0.112410
0.363000  0.121280
0.363500  0.130330
0.364000  0.139430
0.364500  0.148690
0.365000  0.158300
0.365500  0.167830
0.366000  0.177340
0.366500  0.187020
0.367000  0.196600
0.367500  0.206320
0.368000  0.215890
0.368500  0.225580
0.369000  0.235170
0.369500  0.244660
0.370000  0.254150
0.370500  0.263530
0.371000  0.272940
0.371500  0.282120
0.372000  0.291280
0.372500  0.300470
0.373000  0.309260
0.373500  0.318040
0.374000  0.326840
0.374500  0.335380
0.375000  0.344000
0.375500  0.352460
0.376000  0.360840
0.376500  0.369000
0.377000  0.376950
0.377500  0.384990
0.378000  0.392820
0.378500  0.400610
0.379000  0.408230
0.379500  0.415820
0.380000  0.423140
0.380500  0.430380
0.381000  0.437600
0.381500  0.444670
0.382000  0.451490
0.382500  0.458260
0.383000  0.464890
0.383500  0.471290
0.384000  0.477580
0.384500  0.483910
0.385000  0.489980
0.385500  0.495980
0.386000  0.501910
0.386500  0.507710
0.387000  0.513020
0.387500  0.518580
0.388000  0.523670
0.388500  0.528960
0.389000  0.534060
0.389500  0.538940
0.390000  0.543550
0.390500  0.548330
0.391000  0.553010
0.391500  0.557270
0.392000  0.561570
0.392500  0.565810
0.393000  0.569610
0.393500  0.573670
0.394000  0.577330
0.394500  0.581010
0.395000  0.584520
0.395500  0.587920
0.396000  0.591170
0.396500  0.594340
0.397000  0.597350
0.397500  0.600230
0.398000  0.603100
0.398500  0.605760
0.399000  0.608390
0.399500  0.611020
0.400000  0.613420
0.400500  0.615840
0.401000  0.618130
0.401500  0.620260
0.402000  0.622260
0.402500  0.624200
0.403000  0.626240
0.403500  0.628090
0.404000  0.630050
0.404500  0.631870
0.405000  0.633500
0.405500  0.635300
0.406000  0.637020
0.406500  0.638640
0.407000  0.640250
0.407500  0.641730
0.408000  0.643170
0.408500  0.644410
0.409000  0.645830
0.409500  0.646970
0.410000  0.648130
0.410500  0.649040
0.411000  0.649890
0.411500  0.651000
0.412000  0.651590
0.412500  0.652590
0.413000  0.653290
0.413500  0.653960
0.414000  0.654530
0.414500  0.655280
0.415000  0.655830
0.415500  0.656530
0.416000  0.657150
0.416500  0.657970
0.417000  0.658330
0.417500  0.659110
0.418000  0.659750
0.418500  0.660340
0.419000  0.660760
0.419500  0.661530
0.420000  0.661910
0.421500  0.662340
0.422000  0.662180
0.422500  0.662010
0.423000  0.661610
0.423500  0.661120
0.424000  0.660430
0.424500  0.659850
0.425000  0.658920
0.425500  0.658170
0.426000  0.657520
0.426500  0.656510
0.427000  0.655690
0.427500  0.655150
0.428000  0.654370
0.428500  0.653790
0.429000  0.652680
0.429500  0.652110
0.430000  0.651350
0.430500  0.650400
0.431000  0.649230
0.431500  0.648110
0.432000  0.646800
0.432500  0.645550
0.433000  0.644000
0.433500  0.642540
0.434000  0.641110
0.434500  0.639700
0.435000  0.637980
0.435500  0.636770
0.436000  0.635140
0.436500  0.633640
0.437000  0.632220
0.437500  0.630670
0.438000  0.629170
0.438500  0.627750
0.439000  0.626090
0.439500  0.624540
0.440000  0.622830
0.440500  0.621360
0.441000  0.619460
0.441500  0.617810
0.442000  0.615790
0.442500  0.613850
0.443000  0.611830
0.443500  0.609710
0.444000  0.607400
0.444500  0.605000
0.445000  0.602470
0.445500  0.599650
0.446000  0.596950
0.446500  0.593740
0.447000  0.590740
0.447500  0.587470
0.448000  0.584220
0.448500  0.580680
0.449000  0.577270
0.449500  0.573950
0.450000  0.570420
0.450500  0.566930
0.451000  0.563520
0.451500  0.560240
0.452000  0.557100
0.452500  0.553890
0.453000  0.550680
0.453500  0.547400
0.454000  0.544030
0.454500  0.540690
0.455000  0.536900
0.455500  0.533510
0.456000  0.529860
0.456500  0.525910
0.457000  0.522060
0.457500  0.517840
0.458000  0.513730
0.458500  0.509210
0.459000  0.504620
0.459500  0.499880
0.460000  0.495010
0.460500  0.490120
0.461000  0.484820
0.461500  0.479480
0.462000  0.474030
0.462500  0.468430
0.463000  0.462570
0.463500  0.456740
0.464000  0.450470
0.464500  0.444030
0.465000  0.437370
0.465500  0.430400
0.466000  0.423260
0.466500  0.415850
0.467000  0.408240
0.467500  0.400450
0.468000  0.392540
0.468500  0.384420
0.469000  0.376300
0.469500  0.368040
0.470000  0.359750
0.470500  0.351410
0.471000  0.342900
0.471500  0.334600
0.472000  0.326090
0.472500  0.317780
0.473000  0.309620
0.473500  0.301390
0.474000  0.293520
0.474500  0.285500
0.475000  0.277640
0.475500  0.269810
0.476000  0.262080
0.476500  0.254300
0.477000  0.246650
0.477500  0.238990
0.478000  0.231520
0.478500  0.223970
0.479000  0.216560
0.479500  0.209250
0.480000  0.202020
0.480500  0.194810
0.481000  0.187770
0.481500  0.180740
0.482000  0.173980
0.482500  0.167330
0.483000  0.160690
0.483500  0.154250
0.484000  0.148070
0.484500  0.142010
0.485000  0.136200
0.485500  0.130460
0.486000  0.125010
0.486500  0.119650
0.487000  0.114400
0.487500  0.109510
0.488000  0.104720
0.488500  0.100140
0.489000  0.095730
0.489500  0.091460
0.490000  0.087330
0.490500  0.083440
0.491000  0.079740
0.491500  0.076230
0.492000  0.072860
0.492500  0.069640
0.493000  0.066580
0.493500  0.063660
0.494000  0.060880
0.494500  0.058260
0.495000  0.055840
0.495500  0.053550
0.496000  0.051360
0.496500  0.049240
0.497000  0.047280
0.497500  0.045380
0.498000  0.043560
0.498500  0.041810
0.499000  0.040060
0.499500  0.038380
0.500000  0.036710
0.500500  0.035060
0.501000  0.033430
0.501500  0.031800
0.502000  0.030160
0.502500  0.028540
0.503000  0.026930
0.503500  0.025350
0.504000  0.023840
0.504500  0.022320
0.505000  0.020900
0.505500  0.019480
0.506000  0.018160
0.506500  0.016930
0.507000  0.015770
0.507500  0.014690
0.508000  0.013670
0.508500  0.012730
0.509000  0.011860
0.509500  0.011050
0.510000  0.010310
0.510500  0.009610
0.511000  0.008960
0.511500  0.008360
0.512000  0.007800
0.512500  0.007270
0.513000  0.006780
0.513500  0.006320
0.514000  0.005880
0.514500  0.005460
0.515000  0.005060
0.515500  0.004690
0.516000  0.004330
