# author : MAVIS package
# source : SVO Filter Profile Service, filter ID SLOAN/SDSS.iprime_filter
# source_reference : http://filters.apo.nmsu.edu/curves/SDSS/
# source_components : Filter
# date_created  : 2026-08-19
# date_modified : 2026-08-19
# type : filter:transmission
# status : development
# description : SDSS i' filter-only transmission (USNO 40-inch measurement). Stand-in for the not-yet-measured MAVIS filter of the same name; filter glass only, detector QE and telescope reflectivity are applied separately by ScopeSim.
# wavelength_unit : um
# changes :
# - 2026-08-19 Fetched from SVO, replacing the earlier top-hat approximation
wavelength  transmission
0.654900  0.000102
0.655000  0.000107
0.655100  0.000112
0.655200  0.000117
0.655300  0.000121
0.655400  0.000126
0.655500  0.000131
0.655600  0.000135
0.655700  0.000140
0.655800  0.000144
0.655900  0.000149
0.656000  0.000153
0.656100  0.000157
0.656200  0.000161
0.656300  0.000165
0.656400  0.000170
0.656500  0.000174
0.656600  0.000178
0.656700  0.000183
0.656800  0.000188
0.656900  0.000193
0.657000  0.000198
0.657100  0.000204
0.657200  0.000210
0.657300  0.000216
0.657400  0.000223
0.657500  0.000230
0.657600  0.000238
0.657700  0.000247
0.657800  0.000256
0.657900  0.000265
0.658000  0.000275
0.658100  0.000286
0.658200  0.000297
0.658300  0.000308
0.658400  0.000320
0.658500  0.000333
0.658600  0.000345
0.658700  0.000358
0.658800  0.000371
0.658900  0.000384
0.659000  0.000397
0.659100  0.000410
0.659200  0.000423
0.659300  0.000435
0.659400  0.000448
0.659500  0.000460
0.659600  0.000472
0.659700  0.000484
0.659800  0.000496
0.659900  0.000508
0.660000  0.000519
0.660100  0.000530
0.660200  0.000541
0.660300  0.000552
0.660400  0.000563
0.660500  0.000575
0.660600  0.000587
0.660700  0.000599
0.660800  0.000612
0.660900  0.000626
0.661000  0.000641
0.661100  0.000657
0.661200  0.000674
0.661300  0.000692
0.661400  0.000710
0.661500  0.000730
0.661600  0.000750
0.661700  0.000772
0.661800  0.000793
0.661900  0.000816
0.662000  0.000839
0.662100  0.000863
0.662200  0.000887
0.662300  0.000911
0.662400  0.000937
0.662500  0.000962
0.662600  0.000988
0.662700  0.001015
0.662800  0.001043
0.662900  0.001071
0.663000  0.001099
0.663100  0.001128
0.663200  0.001158
0.663300  0.001188
0.663400  0.001219
0.663500  0.001250
0.663600  0.001283
0.663700  0.001316
0.663800  0.001349
0.663900  0.001384
0.664000  0.001419
0.664100  0.001455
0.664200  0.001492
0.664300  0.001530
0.664400  0.001568
0.664500  0.001608
0.664600  0.001648
0.664700  0.001689
0.664800  0.001730
0.664900  0.001773
0.665000  0.001816
0.665100  0.001860
0.665200  0.001905
0.665300  0.001951
0.665400  0.001998
0.665500  0.002045
0.665600  0.002095
0.665700  0.002145
0.665800  0.002196
0.665900  0.002249
0.666000  0.002304
0.666100  0.002360
0.666200  0.002418
0.666300  0.002477
0.666400  0.002538
0.666500  0.002601
0.666600  0.002666
0.666700  0.002733
0.666800  0.002801
0.666900  0.002872
0.667000  0.002945
0.667100  0.003020
0.667200  0.003097
0.667300  0.003176
0.667400  0.003258
0.667500  0.003341
0.667600  0.003426
0.667700  0.003513
0.667800  0.003601
0.667900  0.003692
0.668000  0.003784
0.668100  0.003878
0.668200  0.003973
0.668300  0.004071
0.668400  0.004170
0.668500  0.004271
0.668600  0.004374
0.668700  0.004479
0.668800  0.004586
0.668900  0.004695
0.669000  0.004807
0.669100  0.004921
0.669200  0.005037
0.669300  0.005156
0.669400  0.005278
0.669500  0.005403
0.669600  0.005530
0.669700  0.005661
0.669800  0.005795
0.669900  0.005932
0.670000  0.006073
0.670100  0.006218
0.670200  0.006366
0.670300  0.006518
0.670400  0.006674
0.670500  0.006833
0.670600  0.006997
0.670700  0.007164
0.670800  0.007335
0.670900  0.007511
0.671000  0.007690
0.671100  0.007873
0.671200  0.008061
0.671300  0.008252
0.671400  0.008448
0.671500  0.008649
0.671600  0.008854
0.671700  0.009063
0.671800  0.009277
0.671900  0.009496
0.672000  0.009720
0.672100  0.009949
0.672200  0.010182
0.672300  0.010421
0.672400  0.010666
0.672500  0.010915
0.672600  0.011171
0.672700  0.011432
0.672800  0.011698
0.672900  0.011971
0.673000  0.012250
0.673100  0.012535
0.673200  0.012826
0.673300  0.013124
0.673400  0.013429
0.673500  0.013741
0.673600  0.014060
0.673700  0.014386
0.673800  0.014719
0.673900  0.015061
0.674000  0.015410
0.674100  0.015767
0.674200  0.016133
0.674300  0.016507
0.674400  0.016889
0.674500  0.017279
0.674600  0.017678
0.674700  0.018086
0.674800  0.018502
0.674900  0.018926
0.675000  0.019360
0.675100  0.019802
0.675200  0.020254
0.675300  0.020715
0.675400  0.021185
0.675500  0.021665
0.675600  0.022155
0.675700  0.022655
0.675800  0.023166
0.675900  0.023688
0.676000  0.024220
0.676100  0.024764
0.676200  0.025319
0.676300  0.025886
0.676400  0.026465
0.676500  0.027056
0.676600  0.027660
0.676700  0.028277
0.676800  0.028908
0.676900  0.029552
0.677000  0.030210
0.677100  0.030882
0.677200  0.031569
0.677300  0.032270
0.677400  0.032986
0.677500  0.033717
0.677600  0.034463
0.677700  0.035224
0.677800  0.036000
0.677900  0.036792
0.678000  0.037600
0.678100  0.038424
0.678200  0.039263
0.678300  0.040119
0.678400  0.040991
0.678500  0.041879
0.678600  0.042784
0.678700  0.043705
0.678800  0.044643
0.678900  0.045598
0.679000  0.046570
0.679100  0.047559
0.679200  0.048566
0.679300  0.049590
0.679400  0.050634
0.679500  0.051698
0.679600  0.052781
0.679700  0.053886
0.679800  0.055011
0.679900  0.056159
0.680000  0.057330
0.680100  0.058524
0.680200  0.059741
0.680300  0.060982
0.680400  0.062246
0.680500  0.063534
0.680600  0.064846
0.680700  0.066181
0.680800  0.067540
0.680900  0.068923
0.681000  0.070330
0.681100  0.071761
0.681200  0.073216
0.681300  0.074694
0.681400  0.076196
0.681500  0.077722
0.681600  0.079270
0.681700  0.080841
0.681800  0.082435
0.681900  0.084051
0.682000  0.085690
0.682100  0.087351
0.682200  0.089035
0.682300  0.090744
0.682400  0.092479
0.682500  0.094241
0.682600  0.096031
0.682700  0.097851
0.682800  0.099702
0.682900  0.101584
0.683000  0.103500
0.683100  0.105450
0.683200  0.107433
0.683300  0.109450
0.683400  0.111498
0.683500  0.113576
0.683600  0.115685
0.683700  0.117822
0.683800  0.119988
0.683900  0.122181
0.684000  0.124400
0.684100  0.126645
0.684200  0.128914
0.684300  0.131210
0.684400  0.133531
0.684500  0.135878
0.684600  0.138250
0.684700  0.140648
0.684800  0.143073
0.684900  0.145523
0.685000  0.148000
0.685100  0.150503
0.685200  0.153033
0.685300  0.155590
0.685400  0.158175
0.685500  0.160789
0.685600  0.163431
0.685700  0.166103
0.685800  0.168804
0.685900  0.171537
0.686000  0.174300
0.686100  0.177095
0.686200  0.179921
0.686300  0.182777
0.686400  0.185664
0.686500  0.188581
0.686600  0.191527
0.686700  0.194503
0.686800  0.197507
0.686900  0.200540
0.687000  0.203600
0.687100  0.206688
0.687200  0.209803
0.687300  0.212946
0.687400  0.216116
0.687500  0.219313
0.687600  0.222537
0.687700  0.225788
0.687800  0.229065
0.687900  0.232369
0.688000  0.235700
0.688100  0.239057
0.688200  0.242440
0.688300  0.245849
0.688400  0.249283
0.688500  0.252742
0.688600  0.256225
0.688700  0.259733
0.688800  0.263265
0.688900  0.266821
0.689000  0.270400
0.689100  0.274002
0.689200  0.277626
0.689300  0.281273
0.689400  0.284942
0.689500  0.288632
0.689600  0.292344
0.689700  0.296077
0.689800  0.299831
0.689900  0.303605
0.690000  0.307400
0.690100  0.311214
0.690200  0.315047
0.690300  0.318896
0.690400  0.322762
0.690500  0.326641
0.690600  0.330533
0.690700  0.334436
0.690800  0.338350
0.690900  0.342271
0.691000  0.346200
0.691100  0.350134
0.691200  0.354074
0.691300  0.358017
0.691400  0.361965
0.691500  0.365916
0.691600  0.369869
0.691700  0.373825
0.691800  0.377783
0.691900  0.381741
0.692000  0.385700
0.692100  0.389659
0.692200  0.393619
0.692300  0.397582
0.692400  0.401549
0.692500  0.405520
0.692600  0.409498
0.692700  0.413484
0.692800  0.417479
0.692900  0.421484
0.693000  0.425500
0.693100  0.429529
0.693200  0.433568
0.693300  0.437616
0.693400  0.441669
0.693500  0.445727
0.693600  0.449787
0.693700  0.453846
0.693800  0.457903
0.693900  0.461955
0.694000  0.466000
0.694100  0.470036
0.694200  0.474063
0.694300  0.478080
0.694400  0.482086
0.694500  0.486083
0.694600  0.490069
0.694700  0.494044
0.694800  0.498007
0.694900  0.501960
0.695000  0.505900
0.695100  0.509829
0.695200  0.513745
0.695300  0.517651
0.695400  0.521545
0.695500  0.525429
0.695600  0.529302
0.695700  0.533166
0.695800  0.537020
0.695900  0.540864
0.696000  0.544700
0.696100  0.548527
0.696200  0.552344
0.696300  0.556150
0.696400  0.559945
0.696500  0.563726
0.696600  0.567494
0.696700  0.571246
0.696800  0.574982
0.696900  0.578700
0.697000  0.582400
0.697100  0.586080
0.697200  0.589740
0.697300  0.593379
0.697400  0.596996
0.697500  0.600591
0.697600  0.604162
0.697700  0.607709
0.697800  0.611232
0.697900  0.614729
0.698000  0.618200
0.698100  0.621644
0.698200  0.625063
0.698300  0.628456
0.698400  0.631826
0.698500  0.635173
0.698600  0.638498
0.698700  0.641802
0.698800  0.645087
0.698900  0.648352
0.699000  0.651600
0.699100  0.654831
0.699200  0.658044
0.699300  0.661238
0.699400  0.664413
0.699500  0.667567
0.699600  0.670700
0.699700  0.673811
0.699800  0.676898
0.699900  0.679962
0.700000  0.683000
0.700100  0.686013
0.700200  0.689001
0.700300  0.691964
0.700400  0.694904
0.700500  0.697822
0.700600  0.700717
0.700700  0.703592
0.700800  0.706447
0.700900  0.709283
0.701000  0.712100
0.701100  0.714899
0.701200  0.717681
0.701300  0.720443
0.701400  0.723186
0.701500  0.725909
0.701600  0.728611
0.701700  0.731292
0.701800  0.733951
0.701900  0.736587
0.702000  0.739200
0.702100  0.741789
0.702200  0.744355
0.702300  0.746898
0.702400  0.749418
0.702500  0.751917
0.702600  0.754394
0.702700  0.756851
0.702800  0.759287
0.702900  0.761703
0.703000  0.764100
0.703100  0.766478
0.703200  0.768836
0.703300  0.771174
0.703400  0.773490
0.703500  0.775785
0.703600  0.778056
0.703700  0.780305
0.703800  0.782529
0.703900  0.784727
0.704000  0.786900
0.704100  0.789046
0.704200  0.791167
0.704300  0.793263
0.704400  0.795334
0.704500  0.797382
0.704600  0.799407
0.704700  0.801411
0.704800  0.803394
0.704900  0.805357
0.705000  0.807300
0.705100  0.809225
0.705200  0.811132
0.705300  0.813022
0.705400  0.814895
0.705500  0.816751
0.705600  0.818591
0.705700  0.820416
0.705800  0.822225
0.705900  0.824020
0.706000  0.825800
0.706100  0.827567
0.706200  0.829318
0.706300  0.831055
0.706400  0.832775
0.706500  0.834477
0.706600  0.836162
0.706700  0.837827
0.706800  0.839472
0.706900  0.841097
0.707000  0.842700
0.707100  0.844280
0.707200  0.845839
0.707300  0.847377
0.707400  0.848893
0.707500  0.850390
0.707600  0.851868
0.707700  0.853327
0.707800  0.854768
0.707900  0.856192
0.708000  0.857600
0.708100  0.858992
0.708200  0.860369
0.708300  0.861733
0.708400  0.863084
0.708500  0.864424
0.708600  0.865754
0.708700  0.867076
0.708800  0.868390
0.708900  0.869698
0.709000  0.871000
0.709100  0.872298
0.709200  0.873591
0.709300  0.874877
0.709400  0.876156
0.709500  0.877426
0.709600  0.878686
0.709700  0.879935
0.709800  0.881171
0.709900  0.882393
0.710000  0.883600
0.710100  0.884791
0.710200  0.885966
0.710300  0.887123
0.710400  0.888262
0.710500  0.889384
0.710600  0.890486
0.710700  0.891570
0.710800  0.892633
0.710900  0.893677
0.711000  0.894700
0.711100  0.895702
0.711200  0.896684
0.711300  0.897648
0.711400  0.898595
0.711500  0.899527
0.711600  0.900444
0.711700  0.901349
0.711800  0.902242
0.711900  0.903125
0.712000  0.904000
0.712100  0.904868
0.712200  0.905728
0.712300  0.906582
0.712400  0.907430
0.712500  0.908272
0.712600  0.909108
0.712700  0.909938
0.712800  0.910764
0.712900  0.911584
0.713000  0.912400
0.713100  0.913211
0.713200  0.914017
0.713300  0.914818
0.713400  0.915612
0.713500  0.916398
0.713600  0.917177
0.713700  0.917947
0.713800  0.918709
0.713900  0.919460
0.714000  0.920200
0.714100  0.920929
0.714200  0.921647
0.714300  0.922354
0.714400  0.923050
0.714500  0.923735
0.714600  0.924409
0.714700  0.925072
0.714800  0.925725
0.714900  0.926368
0.715000  0.927000
0.715100  0.927622
0.715200  0.928235
0.715300  0.928839
0.715400  0.929435
0.715500  0.930025
0.715600  0.930609
0.715700  0.931187
0.715800  0.931761
0.715900  0.932332
0.716000  0.932900
0.716100  0.933466
0.716200  0.934030
0.716300  0.934590
0.716400  0.935148
0.716500  0.935702
0.716600  0.936252
0.716700  0.936797
0.716800  0.937337
0.716900  0.937871
0.717000  0.938400
0.717100  0.938922
0.717200  0.939437
0.717300  0.939946
0.717400  0.940447
0.717500  0.940942
0.717600  0.941429
0.717700  0.941908
0.717800  0.942380
0.717900  0.942844
0.718000  0.943300
0.718100  0.943748
0.718200  0.944188
0.718300  0.944621
0.718400  0.945048
0.718500  0.945468
0.718600  0.945883
0.718700  0.946294
0.718800  0.946699
0.718900  0.947101
0.719000  0.947500
0.719100  0.947896
0.719200  0.948289
0.719300  0.948678
0.719400  0.949064
0.719500  0.949447
0.719600  0.949826
0.719700  0.950201
0.719800  0.950572
0.719900  0.950938
0.720000  0.951300
0.720100  0.951657
0.720200  0.952009
0.720300  0.952358
0.720400  0.952702
0.720500  0.953043
0.720600  0.953380
0.720700  0.953714
0.720800  0.954045
0.720900  0.954374
0.721000  0.954700
0.721100  0.955024
0.721200  0.955345
0.721300  0.955663
0.721400  0.955975
0.721500  0.956282
0.721600  0.956582
0.721700  0.956875
0.721800  0.957160
0.721900  0.957435
0.722000  0.957700
0.722100  0.957954
0.722200  0.958198
0.722300  0.958433
0.722400  0.958659
0.722500  0.958879
0.722600  0.959092
0.722700  0.959299
0.722800  0.959503
0.722900  0.959702
0.723000  0.959900
0.723100  0.960096
0.723200  0.960290
0.723300  0.960481
0.723400  0.960669
0.723500  0.960853
0.723600  0.961033
0.723700  0.961208
0.723800  0.961378
0.723900  0.961542
0.724000  0.961700
0.724100  0.961851
0.724200  0.961995
0.724300  0.962134
0.724400  0.962267
0.724500  0.962396
0.724600  0.962522
0.724700  0.962644
0.724800  0.962764
0.724900  0.962883
0.725000  0.963000
0.725100  0.963117
0.725200  0.963235
0.725300  0.963354
0.725400  0.963475
0.725500  0.963599
0.725600  0.963728
0.725700  0.963861
0.725800  0.964000
0.725900  0.964146
0.726000  0.964300
0.726100  0.964462
0.726200  0.964630
0.726300  0.964803
0.726400  0.964979
0.726500  0.965157
0.726600  0.965334
0.726700  0.965509
0.726800  0.965679
0.726900  0.965843
0.727000  0.966000
0.727100  0.966147
0.727200  0.966285
0.727300  0.966415
0.727400  0.966535
0.727500  0.966648
0.727600  0.966752
0.727700  0.966850
0.727800  0.966940
0.727900  0.967023
0.728000  0.967100
0.728100  0.967171
0.728200  0.967237
0.728300  0.967299
0.728400  0.967358
0.728500  0.967414
0.728600  0.967470
0.728700  0.967525
0.728800  0.967581
0.728900  0.967639
0.729000  0.967700
0.729100  0.967764
0.729200  0.967830
0.729300  0.967898
0.729400  0.967966
0.729500  0.968032
0.729600  0.968096
0.729700  0.968156
0.729800  0.968211
0.729900  0.968259
0.730000  0.968300
0.730100  0.968333
0.730200  0.968358
0.730300  0.968378
0.730400  0.968394
0.730500  0.968407
0.730600  0.968420
0.730700  0.968434
0.730800  0.968451
0.730900  0.968473
0.731000  0.968500
0.731100  0.968535
0.731200  0.968576
0.731300  0.968625
0.731400  0.968679
0.731500  0.968739
0.731600  0.968804
0.731700  0.968873
0.731800  0.968946
0.731900  0.969021
0.732000  0.969100
0.732100  0.969181
0.732200  0.969263
0.732300  0.969346
0.732400  0.969429
0.732500  0.969512
0.732600  0.969594
0.732700  0.969674
0.732800  0.969752
0.732900  0.969828
0.733000  0.969900
0.733100  0.969968
0.733200  0.970033
0.733300  0.970096
0.733400  0.970156
0.733500  0.970214
0.733600  0.970271
0.733700  0.970328
0.733800  0.970384
0.733900  0.970442
0.734000  0.970500
0.734100  0.970560
0.734200  0.970622
0.734300  0.970686
0.734400  0.970752
0.734500  0.970820
0.734600  0.970891
0.734700  0.970964
0.734800  0.971040
0.734900  0.971119
0.735000  0.971200
0.735100  0.971284
0.735200  0.971371
0.735300  0.971460
0.735400  0.971551
0.735500  0.971642
0.735600  0.971735
0.735700  0.971827
0.735800  0.971919
0.735900  0.972010
0.736000  0.972100
0.736100  0.972188
0.736200  0.972274
0.736300  0.972359
0.736400  0.972442
0.736500  0.972522
0.736600  0.972602
0.736700  0.972679
0.736800  0.972754
0.736900  0.972828
0.737000  0.972900
0.737100  0.972970
0.737200  0.973038
0.737300  0.973105
0.737400  0.973169
0.737500  0.973230
0.737600  0.973290
0.737700  0.973346
0.737800  0.973400
0.737900  0.973452
0.738000  0.973500
0.738100  0.973545
0.738200  0.973589
0.738300  0.973632
0.738400  0.973674
0.738500  0.973719
0.738600  0.973766
0.738700  0.973816
0.738800  0.973871
0.738900  0.973932
0.739000  0.974000
0.739100  0.974076
0.739200  0.974159
0.739300  0.974248
0.739400  0.974344
0.739500  0.974445
0.739600  0.974550
0.739700  0.974659
0.739800  0.974770
0.739900  0.974884
0.740000  0.975000
0.740100  0.975116
0.740200  0.975233
0.740300  0.975349
0.740400  0.975464
0.740500  0.975578
0.740600  0.975689
0.740700  0.975797
0.740800  0.975902
0.740900  0.976004
0.741000  0.976100
0.741100  0.976192
0.741200  0.976279
0.741300  0.976365
0.741400  0.976449
0.741500  0.976533
0.741600  0.976618
0.741700  0.976706
0.741800  0.976798
0.741900  0.976896
0.742000  0.977000
0.742100  0.977112
0.742200  0.977230
0.742300  0.977355
0.742400  0.977484
0.742500  0.977617
0.742600  0.977753
0.742700  0.977890
0.742800  0.978028
0.742900  0.978165
0.743000  0.978300
0.743100  0.978433
0.743200  0.978563
0.743300  0.978690
0.743400  0.978815
0.743500  0.978936
0.743600  0.979055
0.743700  0.979171
0.743800  0.979284
0.743900  0.979393
0.744000  0.979500
0.744100  0.979604
0.744200  0.979704
0.744300  0.979802
0.744400  0.979896
0.744500  0.979988
0.744600  0.980076
0.744700  0.980162
0.744800  0.980244
0.744900  0.980323
0.745000  0.980400
0.745100  0.980474
0.745200  0.980545
0.745300  0.980615
0.745400  0.980683
0.745500  0.980751
0.745600  0.980818
0.745700  0.980887
0.745800  0.980956
0.745900  0.981027
0.746000  0.981100
0.746100  0.981176
0.746200  0.981254
0.746300  0.981334
0.746400  0.981415
0.746500  0.981497
0.746600  0.981579
0.746700  0.981661
0.746800  0.981742
0.746900  0.981822
0.747000  0.981900
0.747100  0.981976
0.747200  0.982050
0.747300  0.982122
0.747400  0.982192
0.747500  0.982262
0.747600  0.982330
0.747700  0.982398
0.747800  0.982465
0.747900  0.982532
0.748000  0.982600
0.748100  0.982668
0.748200  0.982736
0.748300  0.982803
0.748400  0.982868
0.748500  0.982932
0.748600  0.982993
0.748700  0.983051
0.748800  0.983105
0.748900  0.983155
0.749000  0.983200
0.749100  0.983239
0.749200  0.983274
0.749300  0.983303
0.749400  0.983327
0.749500  0.983348
0.749600  0.983365
0.749700  0.983378
0.749800  0.983388
0.749900  0.983395
0.750000  0.983400
0.750100  0.983403
0.750200  0.983403
0.750300  0.983401
0.750400  0.983397
0.750500  0.983389
0.750600  0.983378
0.750700  0.983364
0.750800  0.983347
0.750900  0.983325
0.751000  0.983300
0.751100  0.983271
0.751200  0.983238
0.751300  0.983201
0.751400  0.983162
0.751500  0.983121
0.751600  0.983079
0.751700  0.983034
0.751800  0.982990
0.751900  0.982945
0.752000  0.982900
0.752100  0.982856
0.752200  0.982813
0.752300  0.982770
0.752400  0.982729
0.752500  0.982688
0.752600  0.982648
0.752700  0.982610
0.752800  0.982572
0.752900  0.982535
0.753000  0.982500
0.753100  0.982466
0.753200  0.982431
0.753300  0.982395
0.753400  0.982356
0.753500  0.982314
0.753600  0.982266
0.753700  0.982212
0.753800  0.982151
0.753900  0.982081
0.754000  0.982000
0.754100  0.981909
0.754200  0.981808
0.754300  0.981700
0.754400  0.981586
0.754500  0.981469
0.754600  0.981350
0.754700  0.981232
0.754800  0.981116
0.754900  0.981005
0.755000  0.980900
0.755100  0.980803
0.755200  0.980713
0.755300  0.980628
0.755400  0.980549
0.755500  0.980473
0.755600  0.980399
0.755700  0.980326
0.755800  0.980252
0.755900  0.980178
0.756000  0.980100
0.756100  0.980019
0.756200  0.979933
0.756300  0.979844
0.756400  0.979751
0.756500  0.979653
0.756600  0.979551
0.756700  0.979445
0.756800  0.979334
0.756900  0.979219
0.757000  0.979100
0.757100  0.978976
0.757200  0.978849
0.757300  0.978719
0.757400  0.978587
0.757500  0.978454
0.757600  0.978320
0.757700  0.978187
0.757800  0.978056
0.757900  0.977926
0.758000  0.977800
0.758100  0.977678
0.758200  0.977559
0.758300  0.977443
0.758400  0.977331
0.758500  0.977221
0.758600  0.977113
0.758700  0.977008
0.758800  0.976904
0.758900  0.976801
0.759000  0.976700
0.759100  0.976599
0.759200  0.976499
0.759300  0.976397
0.759400  0.976294
0.759500  0.976189
0.759600  0.976081
0.759700  0.975968
0.759800  0.975851
0.759900  0.975729
0.760000  0.975600
0.760100  0.975464
0.760200  0.975323
0.760300  0.975176
0.760400  0.975026
0.760500  0.974873
0.760600  0.974718
0.760700  0.974562
0.760800  0.974406
0.760900  0.974252
0.761000  0.974100
0.761100  0.973951
0.761200  0.973805
0.761300  0.973662
0.761400  0.973521
0.761500  0.973382
0.761600  0.973244
0.761700  0.973108
0.761800  0.972972
0.761900  0.972836
0.762000  0.972700
0.762100  0.972564
0.762200  0.972428
0.762300  0.972294
0.762400  0.972163
0.762500  0.972036
0.762600  0.971914
0.762700  0.971798
0.762800  0.971690
0.762900  0.971590
0.763000  0.971500
0.763100  0.971420
0.763200  0.971349
0.763300  0.971286
0.763400  0.971228
0.763500  0.971174
0.763600  0.971121
0.763700  0.971070
0.763800  0.971017
0.763900  0.970961
0.764000  0.970900
0.764100  0.970833
0.764200  0.970760
0.764300  0.970681
0.764400  0.970597
0.764500  0.970507
0.764600  0.970414
0.764700  0.970316
0.764800  0.970214
0.764900  0.970108
0.765000  0.970000
0.765100  0.969889
0.765200  0.969776
0.765300  0.969662
0.765400  0.969548
0.765500  0.969434
0.765600  0.969322
0.765700  0.969211
0.765800  0.969104
0.765900  0.969000
0.766000  0.968900
0.766100  0.968805
0.766200  0.968716
0.766300  0.968632
0.766400  0.968553
0.766500  0.968480
0.766600  0.968413
0.766700  0.968351
0.766800  0.968295
0.766900  0.968244
0.767000  0.968200
0.767100  0.968161
0.767200  0.968128
0.767300  0.968100
0.767400  0.968076
0.767500  0.968057
0.767600  0.968040
0.767700  0.968027
0.767800  0.968016
0.767900  0.968007
0.768000  0.968000
0.768100  0.967994
0.768200  0.967988
0.768300  0.967982
0.768400  0.967976
0.768500  0.967968
0.768600  0.967960
0.768700  0.967949
0.768800  0.967936
0.768900  0.967920
0.769000  0.967900
0.769100  0.967877
0.769200  0.967850
0.769300  0.967821
0.769400  0.967790
0.769500  0.967757
0.769600  0.967724
0.769700  0.967691
0.769800  0.967659
0.769900  0.967629
0.770000  0.967600
0.770100  0.967574
0.770200  0.967553
0.770300  0.967537
0.770400  0.967528
0.770500  0.967528
0.770600  0.967537
0.770700  0.967557
0.770800  0.967590
0.770900  0.967637
0.771000  0.967700
0.771100  0.967779
0.771200  0.967871
0.771300  0.967975
0.771400  0.968088
0.771500  0.968207
0.771600  0.968330
0.771700  0.968453
0.771800  0.968574
0.771900  0.968691
0.772000  0.968800
0.772100  0.968900
0.772200  0.968991
0.772300  0.969073
0.772400  0.969149
0.772500  0.969218
0.772600  0.969281
0.772700  0.969340
0.772800  0.969396
0.772900  0.969449
0.773000  0.969500
0.773100  0.969550
0.773200  0.969601
0.773300  0.969654
0.773400  0.969711
0.773500  0.969772
0.773600  0.969839
0.773700  0.969915
0.773800  0.969999
0.773900  0.970093
0.774000  0.970200
0.774100  0.970319
0.774200  0.970450
0.774300  0.970591
0.774400  0.970739
0.774500  0.970894
0.774600  0.971054
0.774700  0.971216
0.774800  0.971379
0.774900  0.971541
0.775000  0.971700
0.775100  0.971855
0.775200  0.972006
0.775300  0.972151
0.775400  0.972291
0.775500  0.972426
0.775600  0.972554
0.775700  0.972676
0.775800  0.972791
0.775900  0.972899
0.776000  0.973000
0.776100  0.973093
0.776200  0.973181
0.776300  0.973265
0.776400  0.973346
0.776500  0.973428
0.776600  0.973511
0.776700  0.973598
0.776800  0.973691
0.776900  0.973791
0.777000  0.973900
0.777100  0.974020
0.777200  0.974151
0.777300  0.974292
0.777400  0.974442
0.777500  0.974600
0.777600  0.974767
0.777700  0.974941
0.777800  0.975121
0.777900  0.975308
0.778000  0.975500
0.778100  0.975697
0.778200  0.975897
0.778300  0.976100
0.778400  0.976304
0.778500  0.976509
0.778600  0.976713
0.778700  0.976915
0.778800  0.977114
0.778900  0.977310
0.779000  0.977500
0.779100  0.977684
0.779200  0.977863
0.779300  0.978035
0.779400  0.978202
0.779500  0.978364
0.779600  0.978521
0.779700  0.978672
0.779800  0.978819
0.779900  0.978962
0.780000  0.979100
0.780100  0.979234
0.780200  0.979365
0.780300  0.979494
0.780400  0.979621
0.780500  0.979747
0.780600  0.979874
0.780700  0.980002
0.780800  0.980131
0.780900  0.980264
0.781000  0.980400
0.781100  0.980540
0.781200  0.980685
0.781300  0.980832
0.781400  0.980982
0.781500  0.981134
0.781600  0.981288
0.781700  0.981441
0.781800  0.981595
0.781900  0.981748
0.782000  0.981900
0.782100  0.982050
0.782200  0.982197
0.782300  0.982340
0.782400  0.982480
0.782500  0.982615
0.782600  0.982745
0.782700  0.982869
0.782800  0.982987
0.782900  0.983097
0.783000  0.983200
0.783100  0.983295
0.783200  0.983382
0.783300  0.983464
0.783400  0.983542
0.783500  0.983617
0.783600  0.983691
0.783700  0.983765
0.783800  0.983840
0.783900  0.983918
0.784000  0.984000
0.784100  0.984087
0.784200  0.984179
0.784300  0.984273
0.784400  0.984370
0.784500  0.984466
0.784600  0.984560
0.784700  0.984653
0.784800  0.984741
0.784900  0.984824
0.785000  0.984900
0.785100  0.984969
0.785200  0.985031
0.785300  0.985088
0.785400  0.985142
0.785500  0.985195
0.785600  0.985249
0.785700  0.985304
0.785800  0.985363
0.785900  0.985428
0.786000  0.985500
0.786100  0.985580
0.786200  0.985668
0.786300  0.985763
0.786400  0.985862
0.786500  0.985966
0.786600  0.986072
0.786700  0.986180
0.786800  0.986288
0.786900  0.986395
0.787000  0.986500
0.787100  0.986601
0.787200  0.986697
0.787300  0.986785
0.787400  0.986863
0.787500  0.986929
0.787600  0.986981
0.787700  0.987016
0.787800  0.987032
0.787900  0.987028
0.788000  0.987000
0.788100  0.986948
0.788200  0.986874
0.788300  0.986782
0.788400  0.986674
0.788500  0.986555
0.788600  0.986427
0.788700  0.986294
0.788800  0.986160
0.788900  0.986027
0.789000  0.985900
0.789100  0.985780
0.789200  0.985669
0.789300  0.985565
0.789400  0.985468
0.789500  0.985377
0.789600  0.985292
0.789700  0.985212
0.789800  0.985138
0.789900  0.985067
0.790000  0.985000
0.790100  0.984936
0.790200  0.984875
0.790300  0.984816
0.790400  0.984757
0.790500  0.984700
0.790600  0.984642
0.790700  0.984584
0.790800  0.984525
0.790900  0.984464
0.791000  0.984400
0.791100  0.984333
0.791200  0.984264
0.791300  0.984193
0.791400  0.984121
0.791500  0.984048
0.791600  0.983976
0.791700  0.983904
0.791800  0.983834
0.791900  0.983765
0.792000  0.983700
0.792100  0.983638
0.792200  0.983578
0.792300  0.983521
0.792400  0.983464
0.792500  0.983407
0.792600  0.983350
0.792700  0.983292
0.792800  0.983231
0.792900  0.983167
0.793000  0.983100
0.793100  0.983028
0.793200  0.982951
0.793300  0.982868
0.793400  0.982780
0.793500  0.982685
0.793600  0.982583
0.793700  0.982474
0.793800  0.982358
0.793900  0.982233
0.794000  0.982100
0.794100  0.981958
0.794200  0.981809
0.794300  0.981653
0.794400  0.981493
0.794500  0.981328
0.794600  0.981162
0.794700  0.980994
0.794800  0.980827
0.794900  0.980662
0.795000  0.980500
0.795100  0.980342
0.795200  0.980188
0.795300  0.980036
0.795400  0.979887
0.795500  0.979740
0.795600  0.979593
0.795700  0.979446
0.795800  0.979299
0.795900  0.979151
0.796000  0.979000
0.796100  0.978847
0.796200  0.978693
0.796300  0.978539
0.796400  0.978387
0.796500  0.978239
0.796600  0.978095
0.796700  0.977958
0.796800  0.977828
0.796900  0.977709
0.797000  0.977600
0.797100  0.977503
0.797200  0.977417
0.797300  0.977341
0.797400  0.977271
0.797500  0.977206
0.797600  0.977145
0.797700  0.977086
0.797800  0.977027
0.797900  0.976965
0.798000  0.976900
0.798100  0.976830
0.798200  0.976753
0.798300  0.976668
0.798400  0.976576
0.798500  0.976474
0.798600  0.976363
0.798700  0.976241
0.798800  0.976107
0.798900  0.975960
0.799000  0.975800
0.799100  0.975626
0.799200  0.975441
0.799300  0.975248
0.799400  0.975048
0.799500  0.974847
0.799600  0.974645
0.799700  0.974447
0.799800  0.974254
0.799900  0.974071
0.800000  0.973900
0.800100  0.973743
0.800200  0.973599
0.800300  0.973466
0.800400  0.973343
0.800500  0.973227
0.800600  0.973117
0.800700  0.973011
0.800800  0.972908
0.800900  0.972805
0.801000  0.972700
0.801100  0.972593
0.801200  0.972483
0.801300  0.972373
0.801400  0.972264
0.801500  0.972157
0.801600  0.972054
0.801700  0.971955
0.801800  0.971862
0.801900  0.971777
0.802000  0.971700
0.802100  0.971633
0.802200  0.971575
0.802300  0.971525
0.802400  0.971482
0.802500  0.971444
0.802600  0.971411
0.802700  0.971381
0.802800  0.971353
0.802900  0.971327
0.803000  0.971300
0.803100  0.971272
0.803200  0.971244
0.803300  0.971215
0.803400  0.971185
0.803500  0.971154
0.803600  0.971124
0.803700  0.971093
0.803800  0.971062
0.803900  0.971031
0.804000  0.971000
0.804100  0.970970
0.804200  0.970940
0.804300  0.970910
0.804400  0.970880
0.804500  0.970851
0.804600  0.970821
0.804700  0.970791
0.804800  0.970761
0.804900  0.970731
0.805000  0.970700
0.805100  0.970668
0.805200  0.970635
0.805300  0.970600
0.805400  0.970561
0.805500  0.970517
0.805600  0.970469
0.805700  0.970413
0.805800  0.970351
0.805900  0.970280
0.806000  0.970200
0.806100  0.970110
0.806200  0.970012
0.806300  0.969909
0.806400  0.969801
0.806500  0.969692
0.806600  0.969584
0.806700  0.969478
0.806800  0.969378
0.806900  0.969284
0.807000  0.969200
0.807100  0.969127
0.807200  0.969064
0.807300  0.969013
0.807400  0.968971
0.807500  0.968938
0.807600  0.968915
0.807700  0.968900
0.807800  0.968893
0.807900  0.968893
0.808000  0.968900
0.808100  0.968913
0.808200  0.968933
0.808300  0.968957
0.808400  0.968985
0.808500  0.969017
0.808600  0.969051
0.808700  0.969087
0.808800  0.969125
0.808900  0.969162
0.809000  0.969200
0.809100  0.969236
0.809200  0.969271
0.809300  0.969303
0.809400  0.969332
0.809500  0.969358
0.809600  0.969378
0.809700  0.969393
0.809800  0.969403
0.809900  0.969405
0.810000  0.969400
0.810100  0.969387
0.810200  0.969367
0.810300  0.969342
0.810400  0.969312
0.810500  0.969278
0.810600  0.969242
0.810700  0.969205
0.810800  0.969169
0.810900  0.969133
0.811000  0.969100
0.811100  0.969071
0.811200  0.969045
0.811300  0.969023
0.811400  0.969006
0.811500  0.968993
0.811600  0.968984
0.811700  0.968981
0.811800  0.968982
0.811900  0.968988
0.812000  0.969000
0.812100  0.969017
0.812200  0.969037
0.812300  0.969060
0.812400  0.969082
0.812500  0.969101
0.812600  0.969117
0.812700  0.969127
0.812800  0.969128
0.812900  0.969120
0.813000  0.969100
0.813100  0.969067
0.813200  0.969023
0.813300  0.968968
0.813400  0.968907
0.813500  0.968840
0.813600  0.968770
0.813700  0.968699
0.813800  0.968629
0.813900  0.968562
0.814000  0.968500
0.814100  0.968445
0.814200  0.968396
0.814300  0.968352
0.814400  0.968312
0.814500  0.968276
0.814600  0.968241
0.814700  0.968207
0.814800  0.968173
0.814900  0.968138
0.815000  0.968100
0.815100  0.968059
0.815200  0.968015
0.815300  0.967969
0.815400  0.967920
0.815500  0.967869
0.815600  0.967817
0.815700  0.967764
0.815800  0.967709
0.815900  0.967655
0.816000  0.967600
0.816100  0.967546
0.816200  0.967493
0.816300  0.967441
0.816400  0.967393
0.816500  0.967347
0.816600  0.967306
0.816700  0.967270
0.816800  0.967240
0.816900  0.967216
0.817000  0.967200
0.817100  0.967191
0.817200  0.967189
0.817300  0.967192
0.817400  0.967197
0.817500  0.967204
0.817600  0.967211
0.817700  0.967215
0.817800  0.967216
0.817900  0.967212
0.818000  0.967200
0.818100  0.967180
0.818200  0.967153
0.818300  0.967121
0.818400  0.967086
0.818500  0.967048
0.818600  0.967011
0.818700  0.966976
0.818800  0.966945
0.818900  0.966919
0.819000  0.966900
0.819100  0.966890
0.819200  0.966885
0.819300  0.966884
0.819400  0.966883
0.819500  0.966878
0.819600  0.966867
0.819700  0.966847
0.819800  0.966814
0.819900  0.966766
0.820000  0.966700
0.820100  0.966613
0.820200  0.966509
0.820300  0.966390
0.820400  0.966262
0.820500  0.966128
0.820600  0.965991
0.820700  0.965856
0.820800  0.965727
0.820900  0.965607
0.821000  0.965500
0.821100  0.965410
0.821200  0.965335
0.821300  0.965276
0.821400  0.965231
0.821500  0.965198
0.821600  0.965178
0.821700  0.965170
0.821800  0.965171
0.821900  0.965181
0.822000  0.965200
0.822100  0.965225
0.822200  0.965253
0.822300  0.965281
0.822400  0.965303
0.822500  0.965316
0.822600  0.965316
0.822700  0.965298
0.822800  0.965259
0.822900  0.965194
0.823000  0.965100
0.823100  0.964974
0.823200  0.964821
0.823300  0.964647
0.823400  0.964459
0.823500  0.964263
0.823600  0.964067
0.823700  0.963875
0.823800  0.963696
0.823900  0.963536
0.824000  0.963400
0.824100  0.963294
0.824200  0.963216
0.824300  0.963161
0.824400  0.963126
0.824500  0.963106
0.824600  0.963098
0.824700  0.963098
0.824800  0.963100
0.824900  0.963102
0.825000  0.963100
0.825100  0.963089
0.825200  0.963068
0.825300  0.963035
0.825400  0.962987
0.825500  0.962923
0.825600  0.962842
0.825700  0.962741
0.825800  0.962618
0.825900  0.962472
0.826000  0.962300
0.826100  0.962103
0.826200  0.961884
0.826300  0.961651
0.826400  0.961408
0.826500  0.961163
0.826600  0.960920
0.826700  0.960687
0.826800  0.960468
0.826900  0.960270
0.827000  0.960100
0.827100  0.959961
0.827200  0.959851
0.827300  0.959768
0.827400  0.959706
0.827500  0.959663
0.827600  0.959635
0.827700  0.959618
0.827800  0.959609
0.827900  0.959604
0.828000  0.959600
0.828100  0.959593
0.828200  0.959581
0.828300  0.959565
0.828400  0.959541
0.828500  0.959510
0.828600  0.959471
0.828700  0.959421
0.828800  0.959360
0.828900  0.959287
0.829000  0.959200
0.829100  0.959099
0.829200  0.958986
0.829300  0.958863
0.829400  0.958732
0.829500  0.958595
0.829600  0.958455
0.829700  0.958313
0.829800  0.958171
0.829900  0.958033
0.830000  0.957900
0.830100  0.957773
0.830200  0.957652
0.830300  0.957534
0.830400  0.957416
0.830500  0.957296
0.830600  0.957173
0.830700  0.957045
0.830800  0.956907
0.830900  0.956760
0.831000  0.956600
0.831100  0.956426
0.831200  0.956238
0.831300  0.956038
0.831400  0.955827
0.831500  0.955607
0.831600  0.955377
0.831700  0.955141
0.831800  0.954898
0.831900  0.954651
0.832000  0.954400
0.832100  0.954147
0.832200  0.953894
0.832300  0.953642
0.832400  0.953394
0.832500  0.953152
0.832600  0.952918
0.832700  0.952694
0.832800  0.952481
0.832900  0.952283
0.833000  0.952100
0.833100  0.951935
0.833200  0.951786
0.833300  0.951652
0.833400  0.951531
0.833500  0.951422
0.833600  0.951323
0.833700  0.951233
0.833800  0.951150
0.833900  0.951073
0.834000  0.951000
0.834100  0.950929
0.834200  0.950858
0.834300  0.950783
0.834400  0.950702
0.834500  0.950610
0.834600  0.950506
0.834700  0.950386
0.834800  0.950247
0.834900  0.950086
0.835000  0.949900
0.835100  0.949687
0.835200  0.949449
0.835300  0.949192
0.835400  0.948920
0.835500  0.948636
0.835600  0.948346
0.835700  0.948053
0.835800  0.947761
0.835900  0.947476
0.836000  0.947200
0.836100  0.946938
0.836200  0.946688
0.836300  0.946449
0.836400  0.946218
0.836500  0.945994
0.836600  0.945774
0.836700  0.945557
0.836800  0.945340
0.836900  0.945122
0.837000  0.944900
0.837100  0.944673
0.837200  0.944438
0.837300  0.944193
0.837400  0.943936
0.837500  0.943664
0.837600  0.943375
0.837700  0.943066
0.837800  0.942736
0.837900  0.942381
0.838000  0.942000
0.838100  0.941590
0.838200  0.941151
0.838300  0.940682
0.838400  0.940182
0.838500  0.939650
0.838600  0.939087
0.838700  0.938491
0.838800  0.937861
0.838900  0.937198
0.839000  0.936500
0.839100  0.935768
0.839200  0.935002
0.839300  0.934207
0.839400  0.933384
0.839500  0.932535
0.839600  0.931664
0.839700  0.930772
0.839800  0.929863
0.839900  0.928938
0.840000  0.928000
0.840100  0.927051
0.840200  0.926090
0.840300  0.925116
0.840400  0.924127
0.840500  0.923122
0.840600  0.922098
0.840700  0.921056
0.840800  0.919993
0.840900  0.918908
0.841000  0.917800
0.841100  0.916666
0.841200  0.915505
0.841300  0.914313
0.841400  0.913089
0.841500  0.911829
0.841600  0.910530
0.841700  0.909191
0.841800  0.907808
0.841900  0.906378
0.842000  0.904900
0.842100  0.903370
0.842200  0.901787
0.842300  0.900149
0.842400  0.898454
0.842500  0.896701
0.842600  0.894888
0.842700  0.893013
0.842800  0.891074
0.842900  0.889071
0.843000  0.887000
0.843100  0.884861
0.843200  0.882652
0.843300  0.880371
0.843400  0.878018
0.843500  0.875591
0.843600  0.873089
0.843700  0.870510
0.843800  0.867853
0.843900  0.865117
0.844000  0.862300
0.844100  0.859402
0.844200  0.856427
0.844300  0.853379
0.844400  0.850262
0.844500  0.847083
0.844600  0.843845
0.844700  0.840553
0.844800  0.837212
0.844900  0.833826
0.845000  0.830400
0.845100  0.826937
0.845200  0.823435
0.845300  0.819887
0.845400  0.816290
0.845500  0.812639
0.845600  0.808928
0.845700  0.805154
0.845800  0.801311
0.845900  0.797395
0.846000  0.793400
0.846100  0.789323
0.846200  0.785160
0.846300  0.780910
0.846400  0.776570
0.846500  0.772137
0.846600  0.767609
0.846700  0.762984
0.846800  0.758259
0.846900  0.753432
0.847000  0.748500
0.847100  0.743463
0.847200  0.738326
0.847300  0.733094
0.847400  0.727776
0.847500  0.722377
0.847600  0.716904
0.847700  0.711363
0.847800  0.705761
0.847900  0.700104
0.848000  0.694400
0.848100  0.688653
0.848200  0.682863
0.848300  0.677028
0.848400  0.671147
0.848500  0.665218
0.848600  0.659240
0.848700  0.653211
0.848800  0.647129
0.848900  0.640992
0.849000  0.634800
0.849100  0.628551
0.849200  0.622249
0.849300  0.615897
0.849400  0.609500
0.849500  0.603062
0.849600  0.596587
0.849700  0.590080
0.849800  0.583543
0.849900  0.576982
0.850000  0.570400
0.850100  0.563802
0.850200  0.557192
0.850300  0.550576
0.850400  0.543959
0.850500  0.537345
0.850600  0.530739
0.850700  0.524147
0.850800  0.517573
0.850900  0.511022
0.851000  0.504500
0.851100  0.498010
0.851200  0.491549
0.851300  0.485114
0.851400  0.478702
0.851500  0.472309
0.851600  0.465931
0.851700  0.459564
0.851800  0.453206
0.851900  0.446853
0.852000  0.440500
0.852100  0.434146
0.852200  0.427795
0.852300  0.421451
0.852400  0.415121
0.852500  0.408808
0.852600  0.402519
0.852700  0.396259
0.852800  0.390032
0.852900  0.383844
0.853000  0.377700
0.853100  0.371605
0.853200  0.365564
0.853300  0.359579
0.853400  0.353655
0.853500  0.347795
0.853600  0.342004
0.853700  0.336286
0.853800  0.330643
0.853900  0.325079
0.854000  0.319600
0.854100  0.314206
0.854200  0.308895
0.854300  0.303660
0.854400  0.298496
0.854500  0.293397
0.854600  0.288359
0.854700  0.283376
0.854800  0.278442
0.854900  0.273552
0.855000  0.268700
0.855100  0.263883
0.855200  0.259102
0.855300  0.254362
0.855400  0.249665
0.855500  0.245015
0.855600  0.240417
0.855700  0.235872
0.855800  0.231385
0.855900  0.226960
0.856000  0.222600
0.856100  0.218308
0.856200  0.214086
0.856300  0.209935
0.856400  0.205857
0.856500  0.201854
0.856600  0.197926
0.856700  0.194075
0.856800  0.190303
0.856900  0.186611
0.857000  0.183000
0.857100  0.179471
0.857200  0.176022
0.857300  0.172647
0.857400  0.169344
0.857500  0.166108
0.857600  0.162935
0.857700  0.159822
0.857800  0.156764
0.857900  0.153758
0.858000  0.150800
0.858100  0.147886
0.858200  0.145017
0.858300  0.142192
0.858400  0.139413
0.858500  0.136678
0.858600  0.133990
0.858700  0.131347
0.858800  0.128751
0.858900  0.126202
0.859000  0.123700
0.859100  0.121245
0.859200  0.118838
0.859300  0.116477
0.859400  0.114162
0.859500  0.111892
0.859600  0.109666
0.859700  0.107485
0.859800  0.105347
0.859900  0.103252
0.860000  0.101200
0.860100  0.099189
0.860200  0.097220
0.860300  0.095291
0.860400  0.093403
0.860500  0.091554
0.860600  0.089745
0.860700  0.087974
0.860800  0.086242
0.860900  0.084547
0.861000  0.082890
0.861100  0.081270
0.861200  0.079685
0.861300  0.078135
0.861400  0.076620
0.861500  0.075137
0.861600  0.073687
0.861700  0.072268
0.861800  0.070880
0.861900  0.069520
0.862000  0.068190
0.862100  0.066887
0.862200  0.065612
0.862300  0.064363
0.862400  0.063141
0.862500  0.061945
0.862600  0.060774
0.862700  0.059629
0.862800  0.058508
0.862900  0.057412
0.863000  0.056340
0.863100  0.055291
0.863200  0.054265
0.863300  0.053258
0.863400  0.052271
0.863500  0.051300
0.863600  0.050346
0.863700  0.049405
0.863800  0.048476
0.863900  0.047559
0.864000  0.046650
0.864100  0.045749
0.864200  0.044857
0.864300  0.043974
0.864400  0.043102
0.864500  0.042240
0.864600  0.041391
0.864700  0.040554
0.864800  0.039731
0.864900  0.038923
0.865000  0.038130
0.865100  0.037354
0.865200  0.036595
0.865300  0.035856
0.865400  0.035136
0.865500  0.034438
0.865600  0.033762
0.865700  0.033111
0.865800  0.032484
0.865900  0.031883
0.866000  0.031310
0.866100  0.030765
0.866200  0.030245
0.866300  0.029747
0.866400  0.029269
0.866500  0.028805
0.866600  0.028355
0.866700  0.027913
0.866800  0.027477
0.866900  0.027044
0.867000  0.026610
0.867100  0.026173
0.867200  0.025733
0.867300  0.025290
0.867400  0.024846
0.867500  0.024400
0.867600  0.023955
0.867700  0.023511
0.867800  0.023068
0.867900  0.022627
0.868000  0.022190
0.868100  0.021756
0.868200  0.021328
0.868300  0.020906
0.868400  0.020492
0.868500  0.020088
0.868600  0.019694
0.868700  0.019312
0.868800  0.018943
0.868900  0.018588
0.869000  0.018250
0.869100  0.017928
0.869200  0.017622
0.869300  0.017330
0.869400  0.017050
0.869500  0.016780
0.869600  0.016518
0.869700  0.016263
0.869800  0.016013
0.869900  0.015766
0.870000  0.015520
0.870100  0.015274
0.870200  0.015028
0.870300  0.014783
0.870400  0.014537
0.870500  0.014293
0.870600  0.014049
0.870700  0.013807
0.870800  0.013566
0.870900  0.013327
0.871000  0.013090
0.871100  0.012856
0.871200  0.012624
0.871300  0.012395
0.871400  0.012170
0.871500  0.011949
0.871600  0.011732
0.871700  0.011519
0.871800  0.011311
0.871900  0.011108
0.872000  0.010910
0.872100  0.010718
0.872200  0.010531
0.872300  0.010350
0.872400  0.010174
0.872500  0.010002
0.872600  0.009834
0.872700  0.009671
0.872800  0.009511
0.872900  0.009354
0.873000  0.009201
0.873100  0.009051
0.873200  0.008904
0.873300  0.008763
0.873400  0.008627
0.873500  0.008497
0.873600  0.008375
0.873700  0.008261
0.873800  0.008157
0.873900  0.008063
0.874000  0.007980
0.874100  0.007909
0.874200  0.007847
0.874300  0.007793
0.874400  0.007745
0.874500  0.007700
0.874600  0.007656
0.874700  0.007610
0.874800  0.007562
0.874900  0.007508
0.875000  0.007446
0.875100  0.007375
0.875200  0.007295
0.875300  0.007208
0.875400  0.007114
0.875500  0.007016
0.875600  0.006915
0.875700  0.006811
0.875800  0.006707
0.875900  0.006602
0.876000  0.006500
0.876100  0.006400
0.876200  0.006303
0.876300  0.006208
0.876400  0.006115
0.876500  0.006023
0.876600  0.005932
0.876700  0.005842
0.876800  0.005752
0.876900  0.005661
0.877000  0.005569
0.877100  0.005476
0.877200  0.005383
0.877300  0.005289
0.877400  0.005196
0.877500  0.005103
0.877600  0.005012
0.877700  0.004922
0.877800  0.004835
0.877900  0.004750
0.878000  0.004669
0.878100  0.004591
0.878200  0.004517
0.878300  0.004446
0.878400  0.004378
0.878500  0.004311
0.878600  0.004247
0.878700  0.004184
0.878800  0.004121
0.878900  0.004060
0.879000  0.003998
0.879100  0.003936
0.879200  0.003874
0.879300  0.003811
0.879400  0.003747
0.879500  0.003683
0.879600  0.003617
0.879700  0.003550
0.879800  0.003482
0.879900  0.003413
0.880000  0.003342
0.880100  0.003269
0.880200  0.003196
0.880300  0.003123
0.880400  0.003052
0.880500  0.002983
0.880600  0.002918
0.880700  0.002858
0.880800  0.002803
0.880900  0.002756
0.881000  0.002716
0.881100  0.002685
0.881200  0.002661
0.881300  0.002642
0.881400  0.002626
0.881500  0.002612
0.881600  0.002596
0.881700  0.002578
0.881800  0.002555
0.881900  0.002525
0.882000  0.002487
0.882100  0.002439
0.882200  0.002382
0.882300  0.002319
0.882400  0.002251
0.882500  0.002181
0.882600  0.002112
0.882700  0.002045
0.882800  0.001982
0.882900  0.001925
0.883000  0.001877
0.883100  0.001839
0.883200  0.001811
0.883300  0.001793
0.883400  0.001782
0.883500  0.001779
0.883600  0.001783
0.883700  0.001792
0.883800  0.001806
0.883900  0.001824
0.884000  0.001846
0.884100  0.001870
0.884200  0.001895
0.884300  0.001920
0.884400  0.001944
0.884500  0.001966
0.884600  0.001984
0.884700  0.001998
0.884800  0.002006
0.884900  0.002006
0.885000  0.001999
0.885100  0.001983
0.885200  0.001958
0.885300  0.001926
0.885400  0.001889
0.885500  0.001846
0.885600  0.001800
0.885700  0.001751
0.885800  0.001701
0.885900  0.001651
0.886000  0.001602
0.886100  0.001555
0.886200  0.001509
0.886300  0.001466
0.886400  0.001426
0.886500  0.001388
0.886600  0.001352
0.886700  0.001319
0.886800  0.001288
0.886900  0.001261
0.887000  0.001236
0.887100  0.001214
0.887200  0.001194
0.887300  0.001176
0.887400  0.001159
0.887500  0.001143
0.887600  0.001125
0.887700  0.001107
0.887800  0.001087
0.887900  0.001064
0.888000  0.001038
0.888100  0.001008
