# author : SVO Filter Profile Service
# source : svo2.cab.inta-csic.es/theory/fps
# svo_id : Paranal/ERIS.H2_cont
# date_created  : 2026-04-15
# date_modified : 2026-04-15
# type : filter:transmission
# status : measured
# description : ERIS NIX H2-cont filter transmission curve
# wavelength_unit : um
wavelength  transmission
1.982560  0.000000
1.982750  0.000000
1.982940  0.000000
1.983130  0.000000
1.983320  0.000000
1.983510  0.000000
1.983700  0.000000
1.983890  0.000000
1.984080  0.000000
1.984270  0.000000
1.984450  0.000000
1.984640  0.000000
1.984830  0.000000
1.985020  0.000000
1.985210  0.000000
1.985400  0.000000
1.985590  0.000100
1.985780  0.000100
1.985970  0.000000
1.986170  0.000000
1.986360  0.000000
1.986550  0.000000
1.986740  0.000000
1.986930  0.000000
1.987120  0.000000
1.987310  0.000000
1.987500  0.000000
1.987690  0.000000
1.987880  0.000000
1.988070  0.000000
1.988260  0.000000
1.988450  0.000000
1.988640  0.000000
1.988830  0.000000
1.989020  0.000000
1.989210  0.000100
1.989400  0.000400
1.989590  0.000600
1.989790  0.000800
1.989980  0.001000
1.990170  0.001000
1.990360  0.001000
1.990550  0.000900
1.990740  0.000700
1.990930  0.000500
1.991120  0.000300
1.991310  0.000100
1.991500  0.000000
1.991700  0.000000
1.991890  0.000000
1.992080  0.000000
1.992270  0.000000
1.992460  0.000000
1.992650  0.000000
1.992840  0.000100
1.993040  0.000500
1.993230  0.000800
1.993420  0.000900
1.993610  0.001000
1.993800  0.000900
1.993990  0.000800
1.994190  0.000700
1.994380  0.000600
1.994570  0.000700
1.994760  0.000900
1.994950  0.001200
1.995140  0.001500
1.995340  0.001700
1.995530  0.001700
1.995720  0.001700
1.995910  0.001500
1.996100  0.001300
1.996300  0.001200
1.996490  0.001100
1.996680  0.001100
1.996870  0.001100
1.997070  0.001100
1.997260  0.001100
1.997450  0.001000
1.997640  0.000800
1.997840  0.000700
1.998030  0.000600
1.998220  0.000600
1.998410  0.000700
1.998600  0.000900
1.998800  0.001100
1.998990  0.001200
1.999180  0.001300
1.999380  0.001300
1.999570  0.001200
1.999760  0.001100
1.999950  0.001000
2.000150  0.000800
2.000340  0.000700
2.000530  0.000700
2.000730  0.000500
2.000920  0.000400
2.001110  0.000200
2.001300  0.000000
2.001500  0.000000
2.001690  0.000000
2.001880  0.000000
2.002080  0.000000
2.002270  0.000000
2.002460  0.000000
2.002660  0.000000
2.002850  0.000000
2.003040  0.000000
2.003240  0.000000
2.003430  0.000000
2.003620  0.000000
2.003820  0.000000
2.004010  0.000000
2.004210  0.000000
2.004400  0.000000
2.004590  0.000000
2.004790  0.000000
2.004980  0.000000
2.005170  0.000000
2.005370  0.000000
2.005560  0.000000
2.005760  0.000000
2.005950  0.000000
2.006140  0.000000
2.006340  0.000000
2.006530  0.000100
2.006730  0.000300
2.006920  0.000400
2.007110  0.000500
2.007310  0.000500
2.007500  0.000400
2.007700  0.000400
2.007890  0.000300
2.008090  0.000300
2.008280  0.000400
2.008480  0.000600
2.008670  0.000800
2.008860  0.001100
2.009060  0.001500
2.009250  0.001800
2.009450  0.002000
2.009640  0.002100
2.009840  0.002100
2.010030  0.002000
2.010230  0.001800
2.010420  0.001600
2.010620  0.001500
2.010810  0.001500
2.011010  0.001600
2.011200  0.001700
2.011400  0.001800
2.011590  0.001900
2.011790  0.002000
2.011980  0.001900
2.012180  0.001800
2.012370  0.001700
2.012570  0.001600
2.012760  0.001700
2.012960  0.002000
2.013150  0.002200
2.013350  0.002500
2.013540  0.002700
2.013740  0.002800
2.013940  0.002900
2.014130  0.002800
2.014330  0.002800
2.014520  0.002900
2.014720  0.003100
2.014910  0.003400
2.015110  0.003800
2.015310  0.004300
2.015500  0.004700
2.015700  0.005100
2.015890  0.005400
2.016090  0.005500
2.016290  0.005700
2.016480  0.005800
2.016680  0.005900
2.016870  0.006100
2.017070  0.006400
2.017270  0.006700
2.017460  0.007200
2.017660  0.007700
2.017850  0.008200
2.018050  0.008700
2.018250  0.009300
2.018440  0.009800
2.018640  0.010300
2.018840  0.010900
2.019030  0.011400
2.019230  0.011900
2.019430  0.012300
2.019620  0.012700
2.019820  0.013000
2.020020  0.013300
2.020210  0.013600
2.020410  0.013900
2.020610  0.014400
2.020800  0.015100
2.021000  0.015900
2.021200  0.016800
2.021390  0.017600
2.021590  0.018400
2.021790  0.019000
2.021980  0.019500
2.022180  0.020000
2.022380  0.020400
2.022580  0.021000
2.022770  0.021800
2.022970  0.022800
2.023170  0.024000
2.023370  0.025200
2.023560  0.026500
2.023760  0.027700
2.023960  0.028900
2.024160  0.030200
2.024350  0.031500
2.024550  0.032800
2.024750  0.034400
2.024950  0.036000
2.025140  0.037800
2.025340  0.039700
2.025540  0.041700
2.025740  0.043700
2.025940  0.045900
2.026130  0.048100
2.026330  0.050500
2.026530  0.052900
2.026730  0.055500
2.026920  0.058100
2.027120  0.060800
2.027320  0.063700
2.027520  0.066600
2.027720  0.069700
2.027920  0.073000
2.028110  0.076400
2.028310  0.080100
2.028510  0.083900
2.028710  0.087900
2.028910  0.092200
2.029110  0.096600
2.029300  0.101300
2.029500  0.106200
2.029700  0.111400
2.029900  0.116700
2.030100  0.122300
2.030300  0.128200
2.030500  0.134400
2.030700  0.141000
2.030890  0.148000
2.031090  0.155400
2.031290  0.163100
2.031490  0.171000
2.031690  0.179200
2.031890  0.187600
2.032090  0.196400
2.032290  0.205600
2.032490  0.215400
2.032690  0.225700
2.032880  0.236600
2.033080  0.248200
2.033280  0.260400
2.033480  0.273100
2.033680  0.286300
2.033880  0.299900
2.034080  0.314000
2.034280  0.328500
2.034480  0.343400
2.034680  0.358900
2.034880  0.374800
2.035080  0.391100
2.035280  0.407900
2.035480  0.425100
2.035680  0.442800
2.035880  0.460800
2.036080  0.479200
2.036280  0.497800
2.036480  0.516800
2.036680  0.535800
2.036880  0.555000
2.037080  0.574100
2.037280  0.593000
2.037480  0.611800
2.037680  0.630200
2.037880  0.648300
2.038080  0.666000
2.038280  0.683300
2.038480  0.700100
2.038680  0.716600
2.038880  0.732500
2.039080  0.748000
2.039280  0.762700
2.039480  0.776700
2.039680  0.789900
2.039880  0.802100
2.040080  0.813500
2.040280  0.824200
2.040480  0.834100
2.040690  0.843500
2.040890  0.852300
2.041090  0.860400
2.041290  0.867900
2.041490  0.874600
2.041690  0.880500
2.041890  0.885400
2.042090  0.889500
2.042290  0.892700
2.042490  0.895200
2.042690  0.897200
2.042900  0.898700
2.043100  0.899900
2.043300  0.900700
2.043500  0.901400
2.043700  0.901700
2.043900  0.901700
2.044100  0.901300
2.044310  0.900300
2.044510  0.898900
2.044710  0.897000
2.044910  0.894700
2.045110  0.892000
2.045310  0.889100
2.045520  0.886200
2.045720  0.883300
2.045920  0.880500
2.046120  0.877800
2.046320  0.875300
2.046520  0.873000
2.046730  0.870900
2.046930  0.868900
2.047130  0.867000
2.047330  0.865100
2.047530  0.863200
2.047740  0.861100
2.047940  0.858900
2.048140  0.856600
2.048340  0.854300
2.048550  0.852000
2.048750  0.849900
2.048950  0.847800
2.049150  0.845900
2.049350  0.844100
2.049560  0.842300
2.049760  0.840500
2.049960  0.838800
2.050170  0.837200
2.050370  0.835600
2.050570  0.834200
2.050770  0.833000
2.050980  0.832000
2.051180  0.831200
2.051380  0.830600
2.051580  0.830100
2.051790  0.829900
2.051990  0.829800
2.052190  0.829800
2.052400  0.829800
2.052600  0.829800
2.052800  0.829700
2.053010  0.829600
2.053210  0.829300
2.053410  0.829100
2.053620  0.829100
2.053820  0.829200
2.054020  0.829500
2.054230  0.830100
2.054430  0.830800
2.054630  0.831700
2.054840  0.832500
2.055040  0.833300
2.055240  0.834100
2.055450  0.834700
2.055650  0.835400
2.055860  0.836100
2.056060  0.837000
2.056260  0.838000
2.056470  0.839200
2.056670  0.840400
2.056870  0.841600
2.057080  0.842900
2.057280  0.844000
2.057490  0.845000
2.057690  0.845900
2.057900  0.846800
2.058100  0.847700
2.058300  0.848500
2.058510  0.849500
2.058710  0.850500
2.058920  0.851600
2.059120  0.852800
2.059320  0.854100
2.059530  0.855500
2.059730  0.857000
2.059940  0.858500
2.060140  0.860100
2.060350  0.861700
2.060550  0.863200
2.060760  0.864600
2.060960  0.866000
2.061170  0.867200
2.061370  0.868400
2.061580  0.869400
2.061780  0.870400
2.061990  0.871300
2.062190  0.872200
2.062400  0.873100
2.062600  0.874000
2.062810  0.874800
2.063010  0.875700
2.063220  0.876500
2.063420  0.877000
2.063630  0.877400
2.063830  0.877500
2.064040  0.877500
2.064240  0.877300
2.064450  0.877200
2.064650  0.877200
2.064860  0.877400
2.065070  0.877800
2.065270  0.878400
2.065480  0.879000
2.065680  0.879600
2.065890  0.880100
2.066090  0.880300
2.066300  0.880400
2.066510  0.880400
2.066710  0.880300
2.066920  0.880100
2.067120  0.879900
2.067330  0.879400
2.067540  0.878800
2.067740  0.877900
2.067950  0.876900
2.068150  0.875800
2.068360  0.874600
2.068570  0.873400
2.068770  0.872400
2.068980  0.871400
2.069190  0.870300
2.069390  0.869300
2.069600  0.868100
2.069810  0.866700
2.070010  0.865100
2.070220  0.863300
2.070430  0.861200
2.070630  0.858900
2.070840  0.856400
2.071050  0.853800
2.071250  0.851100
2.071460  0.848400
2.071670  0.845800
2.071870  0.843400
2.072080  0.841100
2.072290  0.839000
2.072490  0.837100
2.072700  0.835300
2.072910  0.833500
2.073120  0.831600
2.073320  0.829600
2.073530  0.827500
2.073740  0.825300
2.073940  0.823000
2.074150  0.820700
2.074360  0.818200
2.074570  0.815700
2.074770  0.813100
2.074980  0.810300
2.075190  0.807400
2.075400  0.804300
2.075610  0.801000
2.075810  0.797700
2.076020  0.794400
2.076230  0.791100
2.076440  0.788000
2.076640  0.785000
2.076850  0.782100
2.077060  0.779200
2.077270  0.776500
2.077480  0.773800
2.077680  0.771100
2.077890  0.768600
2.078100  0.766300
2.078310  0.764100
2.078520  0.762000
2.078730  0.760200
2.078930  0.758300
2.079140  0.756500
2.079350  0.754700
2.079560  0.752700
2.079770  0.750700
2.079980  0.748600
2.080180  0.746600
2.080390  0.744500
2.080600  0.742600
2.080810  0.740800
2.081020  0.739200
2.081230  0.737700
2.081440  0.736400
2.081650  0.735100
2.081860  0.734000
2.082060  0.733000
2.082270  0.732000
2.082480  0.731100
2.082690  0.730400
2.082900  0.729800
2.083110  0.729300
2.083320  0.729000
2.083530  0.728700
2.083740  0.728600
2.083950  0.728500
2.084160  0.728600
2.084370  0.729000
2.084570  0.729500
2.084780  0.730500
2.084990  0.731700
2.085200  0.733300
2.085410  0.735300
2.085620  0.737500
2.085830  0.739900
2.086040  0.742600
2.086250  0.745300
2.086460  0.748200
2.086670  0.751200
2.086880  0.754300
2.087090  0.757500
2.087300  0.760800
2.087510  0.764300
2.087720  0.768000
2.087930  0.771900
2.088140  0.776000
2.088350  0.780200
2.088560  0.784600
2.088770  0.789100
2.088980  0.793700
2.089190  0.798400
2.089400  0.803300
2.089620  0.808300
2.089830  0.813400
2.090040  0.818700
2.090250  0.824100
2.090460  0.829500
2.090670  0.834900
2.090880  0.840300
2.091090  0.845600
2.091300  0.850800
2.091510  0.855800
2.091720  0.860600
2.091930  0.865100
2.092140  0.869100
2.092360  0.872500
2.092570  0.875200
2.092780  0.877100
2.092990  0.878300
2.093200  0.878800
2.093410  0.878500
2.093620  0.877600
2.093830  0.875800
2.094050  0.873200
2.094260  0.869600
2.094470  0.865100
2.094680  0.859500
2.094890  0.852800
2.095100  0.845100
2.095310  0.836400
2.095530  0.826600
2.095740  0.815800
2.095950  0.803800
2.096160  0.790600
2.096370  0.776300
2.096590  0.760700
2.096800  0.744100
2.097010  0.726600
2.097220  0.708200
2.097430  0.689200
2.097650  0.669700
2.097860  0.649700
2.098070  0.629400
2.098280  0.608900
2.098490  0.588100
2.098710  0.567300
2.098920  0.546500
2.099130  0.525800
2.099340  0.505200
2.099560  0.484800
2.099770  0.464700
2.099980  0.445000
2.100190  0.425700
2.100410  0.406900
2.100620  0.388600
2.100830  0.370900
2.101050  0.353800
2.101260  0.337300
2.101470  0.321400
2.101680  0.306000
2.101900  0.291100
2.102110  0.276700
2.102320  0.262800
2.102540  0.249300
2.102750  0.236300
2.102960  0.224000
2.103180  0.212300
2.103390  0.201300
2.103600  0.191100
2.103820  0.181500
2.104030  0.172500
2.104240  0.164100
2.104460  0.156100
2.104670  0.148400
2.104880  0.141100
2.105100  0.134100
2.105310  0.127500
2.105520  0.121200
2.105740  0.115200
2.105950  0.109600
2.106170  0.104400
2.106380  0.099400
2.106590  0.094700
2.106810  0.090200
2.107020  0.085900
2.107240  0.081700
2.107450  0.077600
2.107660  0.073700
2.107880  0.070000
2.108090  0.066400
2.108310  0.063000
2.108520  0.059700
2.108740  0.056700
2.108950  0.053900
2.109160  0.051300
2.109380  0.048900
2.109590  0.046700
2.109810  0.044700
2.110020  0.042900
2.110240  0.041300
2.110450  0.039700
2.110670  0.038200
2.110880  0.036600
2.111100  0.035000
2.111310  0.033500
2.111530  0.031900
2.111740  0.030400
2.111960  0.028900
2.112170  0.027500
2.112390  0.026300
2.112600  0.025100
2.112820  0.024000
2.113030  0.023100
2.113250  0.022200
2.113460  0.021400
2.113680  0.020600
2.113890  0.019700
2.114110  0.018900
2.114320  0.018000
2.114540  0.017200
2.114760  0.016400
2.114970  0.015700
2.115190  0.015000
2.115400  0.014400
2.115620  0.013800
2.115830  0.013200
2.116050  0.012500
2.116270  0.011900
2.116480  0.011200
2.116700  0.010600
2.116910  0.010100
2.117130  0.009800
2.117350  0.009600
2.117560  0.009500
2.117780  0.009500
2.117990  0.009400
2.118210  0.009400
2.118430  0.009200
2.118640  0.009000
2.118860  0.008800
2.119080  0.008400
2.119290  0.008100
2.119510  0.007700
2.119730  0.007300
2.119940  0.006900
2.120160  0.006500
2.120380  0.006200
2.120590  0.005800
2.120810  0.005500
2.121030  0.005200
2.121240  0.004900
2.121460  0.004700
2.121680  0.004500
2.121890  0.004300
2.122110  0.004100
2.122330  0.004000
2.122550  0.004000
2.122760  0.004000
2.122980  0.004000
2.123200  0.004000
2.123420  0.003900
2.123630  0.003800
2.123850  0.003500
2.124070  0.003100
2.124290  0.002800
2.124500  0.002500
2.124720  0.002300
2.124940  0.002300
2.125160  0.002400
2.125370  0.002600
2.125590  0.002800
2.125810  0.003000
2.126030  0.003100
2.126250  0.003200
2.126460  0.003100
2.126680  0.003000
2.126900  0.002800
2.127120  0.002600
2.127340  0.002400
2.127550  0.002200
2.127770  0.002000
2.127990  0.001900
2.128210  0.001800
2.128430  0.001800
2.128650  0.001800
2.128860  0.001800
2.129080  0.001900
2.129300  0.001900
2.129520  0.001900
2.129740  0.001800
2.129960  0.001800
2.130180  0.001700
2.130390  0.001700
2.130610  0.001600
2.130830  0.001600
2.131050  0.001500
2.131270  0.001400
2.131490  0.001200
2.131710  0.001000
2.131930  0.000800
2.132150  0.000600
2.132370  0.000300
2.132580  0.000100
2.132800  0.000000
2.133020  0.000000
2.133240  0.000000
2.133460  0.000000
2.133680  0.000000
2.133900  0.000000
2.134120  0.000000
2.134340  0.000000
2.134560  0.000000
2.134780  0.000000
2.135000  0.000000
2.135220  0.000000
2.135440  0.000000
2.135660  0.000000
2.135880  0.000000
2.136100  0.000000
2.136320  0.000000
2.136540  0.000100
2.136760  0.000300
2.136980  0.000600
2.137200  0.000800
2.137420  0.001000
2.137640  0.001100
2.137860  0.001100
2.138080  0.001000
2.138300  0.000800
2.138520  0.000600
2.138740  0.000400
2.138960  0.000200
2.139180  0.000100
2.139400  0.000100
2.139620  0.000100
2.139850  0.000100
2.140070  0.000000
2.140290  0.000000
2.140510  0.000000
2.140730  0.000000
2.140950  0.000000
2.141170  0.000000
2.141390  0.000000
2.141610  0.000000
2.141830  0.000100
2.142060  0.000300
2.142280  0.000400
2.142500  0.000500
2.142720  0.000400
2.142940  0.000200
2.143160  0.000100
2.143380  0.000000
2.143610  0.000000
2.143830  0.000000
2.144050  0.000000
2.144270  0.000000
2.144490  0.000000
2.144710  0.000000
2.144930  0.000000
2.145160  0.000000
2.145380  0.000000
2.145600  0.000000
2.145820  0.000000
2.146040  0.000000
2.146270  0.000000
2.146490  0.000000
2.146710  0.000000
2.146930  0.000000
2.147160  0.000000
2.147380  0.000000
2.147600  0.000000
2.147820  0.000000
2.148040  0.000000
2.148270  0.000000
2.148490  0.000000
2.148710  0.000000
2.148940  0.000000
2.149160  0.000000
2.149380  0.000000
2.149600  0.000000
2.149830  0.000000
2.150050  0.000000
2.150270  0.000000
2.150490  0.000000
2.150720  0.000000
2.150940  0.000000
2.151160  0.000000
2.151390  0.000000
2.151610  0.000000
2.151830  0.000000
2.152060  0.000000
2.152280  0.000000
2.152500  0.000000
2.152730  0.000000
2.152950  0.000000
2.153170  0.000000
2.153400  0.000000
2.153620  0.000000
2.153840  0.000000
2.154070  0.000000
2.154290  0.000000
2.154520  0.000000
2.154740  0.000000
2.154960  0.000000
2.155190  0.000200
2.155410  0.000300
2.155640  0.000300
2.155860  0.000300
2.156080  0.000200
2.156310  0.000200
2.156530  0.000200
2.156760  0.000300
2.156980  0.000400
2.157200  0.000500
2.157430  0.000700
2.157650  0.000700
2.157880  0.000700
2.158100  0.000600
2.158330  0.000400
2.158550  0.000300
2.158780  0.000200
2.159000  0.000200
2.159230  0.000200
2.159450  0.000300
2.159680  0.000400
2.159900  0.000500
2.160130  0.000400
