# author : SVO Filter Profile Service
# source : svo2.cab.inta-csic.es/theory/fps
# svo_id : Paranal/ERIS.Mp
# date_created  : 2026-04-15
# date_modified : 2026-04-15
# type : filter:transmission
# status : measured
# description : ERIS NIX Mp filter transmission curve
# wavelength_unit : um
wavelength  transmission
4.283000  0.003200
4.284000  0.003300
4.285000  0.003300
4.286000  0.003300
4.287000  0.003300
4.288000  0.003200
4.289000  0.003200
4.290000  0.003200
4.291000  0.003200
4.292000  0.003200
4.293000  0.003200
4.294000  0.003300
4.295000  0.003300
4.296000  0.003400
4.297000  0.003400
4.298000  0.003500
4.299000  0.003500
4.300000  0.003500
4.301000  0.003400
4.302000  0.003400
4.303000  0.003300
4.304000  0.003200
4.305000  0.003100
4.306000  0.003100
4.307000  0.003000
4.308000  0.002900
4.309000  0.002900
4.310000  0.002800
4.311000  0.002800
4.312000  0.002700
4.313000  0.002700
4.314000  0.002700
4.315000  0.002700
4.316000  0.002700
4.317000  0.002700
4.318000  0.002700
4.319000  0.002700
4.320000  0.002700
4.321000  0.002700
4.322000  0.002700
4.323000  0.002700
4.324000  0.002700
4.325000  0.002700
4.326000  0.002600
4.327000  0.002600
4.328000  0.002600
4.329000  0.002600
4.330000  0.002500
4.331000  0.002500
4.332000  0.002500
4.333000  0.002400
4.334000  0.002400
4.335000  0.002400
4.336000  0.002400
4.337000  0.002400
4.338000  0.002400
4.339000  0.002400
4.340000  0.002400
4.341000  0.002400
4.342000  0.002500
4.343000  0.002500
4.344000  0.002500
4.345000  0.002500
4.346000  0.002500
4.347000  0.002500
4.348000  0.002500
4.349000  0.002500
4.350000  0.002500
4.351000  0.002500
4.352000  0.002500
4.353000  0.002600
4.354000  0.002600
4.355000  0.002600
4.356000  0.002600
4.357000  0.002700
4.358000  0.002700
4.359000  0.002700
4.360000  0.002700
4.361000  0.002800
4.362000  0.002800
4.363000  0.002800
4.364000  0.002800
4.365000  0.002900
4.366000  0.002900
4.367000  0.002900
4.368000  0.002900
4.369000  0.002900
4.370000  0.002900
4.371000  0.002900
4.372000  0.002900
4.373000  0.002900
4.374000  0.002900
4.375000  0.002900
4.376000  0.002900
4.377000  0.002900
4.378000  0.003000
4.379000  0.003000
4.380000  0.003100
4.381000  0.003100
4.382000  0.003200
4.383000  0.003300
4.384000  0.003300
4.385000  0.003400
4.386000  0.003400
4.387000  0.003500
4.388000  0.003500
4.389000  0.003600
4.390000  0.003600
4.391000  0.003700
4.392000  0.003700
4.393000  0.003800
4.394000  0.003800
4.395000  0.003900
4.396000  0.003900
4.397000  0.004000
4.398000  0.004000
4.399000  0.004100
4.400000  0.004100
4.401000  0.004200
4.402000  0.004300
4.403000  0.004400
4.404000  0.004500
4.405000  0.004600
4.406000  0.004700
4.407000  0.004800
4.408000  0.004900
4.409000  0.005000
4.410000  0.005100
4.411000  0.005200
4.412000  0.005300
4.413000  0.005500
4.414000  0.005600
4.415000  0.005700
4.416000  0.005800
4.417000  0.005900
4.418000  0.006100
4.419000  0.006200
4.420000  0.006400
4.421000  0.006600
4.422000  0.006700
4.423000  0.006900
4.424000  0.007100
4.425000  0.007400
4.426000  0.007600
4.427000  0.007800
4.428000  0.008100
4.429000  0.008400
4.430000  0.008700
4.431000  0.009000
4.432000  0.009400
4.433000  0.009800
4.434000  0.010300
4.435000  0.010700
4.436000  0.011300
4.437000  0.011800
4.438000  0.012400
4.439000  0.013000
4.440000  0.013600
4.441000  0.014300
4.442000  0.015000
4.443000  0.015800
4.444000  0.016700
4.445000  0.017700
4.446000  0.018800
4.447000  0.019900
4.448000  0.021200
4.449000  0.022600
4.450000  0.024100
4.451000  0.025800
4.452000  0.027600
4.453000  0.029600
4.454000  0.031800
4.455000  0.034200
4.456000  0.036900
4.457000  0.039800
4.458000  0.043000
4.459000  0.046600
4.460000  0.050600
4.461000  0.054900
4.462000  0.059800
4.463000  0.065100
4.464000  0.071000
4.465000  0.077400
4.466000  0.084500
4.467000  0.092400
4.468000  0.101000
4.469000  0.110400
4.470000  0.120700
4.471000  0.132100
4.472000  0.144400
4.473000  0.157800
4.474000  0.172400
4.475000  0.188200
4.476000  0.205100
4.477000  0.223200
4.478000  0.242500
4.479000  0.263000
4.480000  0.284500
4.481000  0.307000
4.482000  0.330400
4.483000  0.354600
4.484000  0.379300
4.485000  0.404500
4.486000  0.429800
4.487000  0.455100
4.488000  0.480100
4.489000  0.504800
4.490000  0.528800
4.491000  0.552000
4.492000  0.574200
4.493000  0.595400
4.494000  0.615400
4.495000  0.634100
4.496000  0.651500
4.497000  0.667600
4.498000  0.682400
4.499000  0.695900
4.500000  0.708200
4.501000  0.719300
4.502000  0.729200
4.503000  0.738200
4.504000  0.746200
4.505000  0.753400
4.506000  0.759800
4.507000  0.765500
4.508000  0.770500
4.509000  0.775000
4.510000  0.779000
4.511000  0.782600
4.512000  0.785800
4.513000  0.788700
4.514000  0.791300
4.515000  0.793600
4.516000  0.795800
4.517000  0.797700
4.518000  0.799400
4.519000  0.801000
4.520000  0.802400
4.521000  0.803700
4.522000  0.804900
4.523000  0.806000
4.524000  0.807000
4.525000  0.807900
4.526000  0.808700
4.527000  0.809400
4.528000  0.810100
4.529000  0.810700
4.530000  0.811300
4.531000  0.811800
4.532000  0.812200
4.533000  0.812600
4.534000  0.813000
4.535000  0.813300
4.536000  0.813600
4.537000  0.813900
4.538000  0.814100
4.539000  0.814300
4.540000  0.814500
4.541000  0.814700
4.542000  0.814900
4.543000  0.815000
4.544000  0.815200
4.545000  0.815400
4.546000  0.815500
4.547000  0.815700
4.548000  0.815900
4.549000  0.816100
4.550000  0.816300
4.551000  0.816500
4.552000  0.816700
4.553000  0.816900
4.554000  0.817100
4.555000  0.817400
4.556000  0.817700
4.557000  0.818000
4.558000  0.818300
4.559000  0.818600
4.560000  0.819000
4.561000  0.819400
4.562000  0.819700
4.563000  0.820200
4.564000  0.820600
4.565000  0.821000
4.566000  0.821500
4.567000  0.822000
4.568000  0.822400
4.569000  0.822900
4.570000  0.823400
4.571000  0.823900
4.572000  0.824400
4.573000  0.824900
4.574000  0.825400
4.575000  0.825900
4.576000  0.826400
4.577000  0.827000
4.578000  0.827500
4.579000  0.828100
4.580000  0.828600
4.581000  0.829200
4.582000  0.829700
4.583000  0.830200
4.584000  0.830800
4.585000  0.831300
4.586000  0.831800
4.587000  0.832300
4.588000  0.832800
4.589000  0.833300
4.590000  0.833700
4.591000  0.834100
4.592000  0.834600
4.593000  0.835000
4.594000  0.835300
4.595000  0.835700
4.596000  0.836100
4.597000  0.836400
4.598000  0.836800
4.599000  0.837200
4.600000  0.837500
4.601000  0.837900
4.602000  0.838300
4.603000  0.838600
4.604000  0.839000
4.605000  0.839300
4.606000  0.839700
4.607000  0.840000
4.608000  0.840300
4.609000  0.840600
4.610000  0.840900
4.611000  0.841200
4.612000  0.841500
4.613000  0.841800
4.614000  0.842000
4.615000  0.842300
4.616000  0.842600
4.617000  0.842800
4.618000  0.843100
4.619000  0.843300
4.620000  0.843600
4.621000  0.843800
4.622000  0.844100
4.623000  0.844300
4.624000  0.844600
4.625000  0.844800
4.626000  0.845100
4.627000  0.845400
4.628000  0.845600
4.629000  0.845900
4.630000  0.846200
4.631000  0.846400
4.632000  0.846700
4.633000  0.847000
4.634000  0.847300
4.635000  0.847600
4.636000  0.847900
4.637000  0.848200
4.638000  0.848600
4.639000  0.848900
4.640000  0.849200
4.641000  0.849500
4.642000  0.849800
4.643000  0.850100
4.644000  0.850400
4.645000  0.850700
4.646000  0.851000
4.647000  0.851400
4.648000  0.851700
4.649000  0.852100
4.650000  0.852400
4.651000  0.852800
4.652000  0.853200
4.653000  0.853500
4.654000  0.853900
4.655000  0.854200
4.656000  0.854500
4.657000  0.854800
4.658000  0.855100
4.659000  0.855400
4.660000  0.855700
4.661000  0.856000
4.662000  0.856400
4.663000  0.856700
4.664000  0.857100
4.665000  0.857400
4.666000  0.857800
4.667000  0.858100
4.668000  0.858500
4.669000  0.858800
4.670000  0.859100
4.671000  0.859400
4.672000  0.859700
4.673000  0.860000
4.674000  0.860300
4.675000  0.860600
4.676000  0.860900
4.677000  0.861200
4.678000  0.861500
4.679000  0.861800
4.680000  0.862000
4.681000  0.862300
4.682000  0.862600
4.683000  0.862800
4.684000  0.863100
4.685000  0.863300
4.686000  0.863500
4.687000  0.863800
4.688000  0.864000
4.689000  0.864200
4.690000  0.864500
4.691000  0.864700
4.692000  0.864900
4.693000  0.865100
4.694000  0.865300
4.695000  0.865500
4.696000  0.865700
4.697000  0.865900
4.698000  0.866000
4.699000  0.866200
4.700000  0.866300
4.701000  0.866400
4.702000  0.866500
4.703000  0.866600
4.704000  0.866700
4.705000  0.866800
4.706000  0.866800
4.707000  0.866800
4.708000  0.866900
4.709000  0.866900
4.710000  0.866900
4.711000  0.866900
4.712000  0.867000
4.713000  0.867000
4.714000  0.867000
4.715000  0.867000
4.716000  0.866900
4.717000  0.866900
4.718000  0.866800
4.719000  0.866700
4.720000  0.866600
4.721000  0.866500
4.722000  0.866300
4.723000  0.866100
4.724000  0.865900
4.725000  0.865700
4.726000  0.865500
4.727000  0.865300
4.728000  0.865100
4.729000  0.864900
4.730000  0.864700
4.731000  0.864400
4.732000  0.864200
4.733000  0.863900
4.734000  0.863600
4.735000  0.863200
4.736000  0.862900
4.737000  0.862500
4.738000  0.862100
4.739000  0.861700
4.740000  0.861300
4.741000  0.860900
4.742000  0.860400
4.743000  0.859900
4.744000  0.859400
4.745000  0.858900
4.746000  0.858400
4.747000  0.857800
4.748000  0.857200
4.749000  0.856600
4.750000  0.856000
4.751000  0.855400
4.752000  0.854800
4.753000  0.854200
4.754000  0.853500
4.755000  0.852900
4.756000  0.852300
4.757000  0.851600
4.758000  0.850900
4.759000  0.850300
4.760000  0.849600
4.761000  0.848900
4.762000  0.848200
4.763000  0.847500
4.764000  0.846800
4.765000  0.846100
4.766000  0.845400
4.767000  0.844700
4.768000  0.844000
4.769000  0.843300
4.770000  0.842600
4.771000  0.842000
4.772000  0.841300
4.773000  0.840600
4.774000  0.839900
4.775000  0.839300
4.776000  0.838600
4.777000  0.838000
4.778000  0.837300
4.779000  0.836700
4.780000  0.836100
4.781000  0.835500
4.782000  0.835000
4.783000  0.834400
4.784000  0.833900
4.785000  0.833400
4.786000  0.833000
4.787000  0.832500
4.788000  0.832100
4.789000  0.831700
4.790000  0.831300
4.791000  0.830900
4.792000  0.830600
4.793000  0.830300
4.794000  0.830000
4.795000  0.829700
4.796000  0.829500
4.797000  0.829300
4.798000  0.829100
4.799000  0.828900
4.800000  0.828700
4.801000  0.828600
4.802000  0.828500
4.803000  0.828400
4.804000  0.828400
4.805000  0.828400
4.806000  0.828400
4.807000  0.828500
4.808000  0.828500
4.809000  0.828700
4.810000  0.828800
4.811000  0.829000
4.812000  0.829200
4.813000  0.829400
4.814000  0.829700
4.815000  0.829900
4.816000  0.830300
4.817000  0.830600
4.818000  0.831000
4.819000  0.831300
4.820000  0.831700
4.821000  0.832200
4.822000  0.832600
4.823000  0.833000
4.824000  0.833500
4.825000  0.833900
4.826000  0.834400
4.827000  0.834800
4.828000  0.835300
4.829000  0.835700
4.830000  0.836200
4.831000  0.836700
4.832000  0.837100
4.833000  0.837500
4.834000  0.837900
4.835000  0.838300
4.836000  0.838600
4.837000  0.839000
4.838000  0.839300
4.839000  0.839600
4.840000  0.840000
4.841000  0.840300
4.842000  0.840700
4.843000  0.841000
4.844000  0.841300
4.845000  0.841500
4.846000  0.841700
4.847000  0.841900
4.848000  0.842000
4.849000  0.842100
4.850000  0.842100
4.851000  0.842100
4.852000  0.842000
4.853000  0.841900
4.854000  0.841700
4.855000  0.841500
4.856000  0.841300
4.857000  0.841000
4.858000  0.840600
4.859000  0.840200
4.860000  0.839800
4.861000  0.839300
4.862000  0.838700
4.863000  0.838100
4.864000  0.837500
4.865000  0.836700
4.866000  0.835900
4.867000  0.835100
4.868000  0.834200
4.869000  0.833200
4.870000  0.832100
4.871000  0.831100
4.872000  0.829900
4.873000  0.828700
4.874000  0.827400
4.875000  0.826100
4.876000  0.824700
4.877000  0.823300
4.878000  0.821800
4.879000  0.820300
4.880000  0.818800
4.881000  0.817200
4.882000  0.815600
4.883000  0.813900
4.884000  0.812200
4.885000  0.810500
4.886000  0.808700
4.887000  0.806900
4.888000  0.805000
4.889000  0.803100
4.890000  0.801200
4.891000  0.799200
4.892000  0.797200
4.893000  0.795200
4.894000  0.793200
4.895000  0.791200
4.896000  0.789200
4.897000  0.787100
4.898000  0.785200
4.899000  0.783200
4.900000  0.781200
4.901000  0.779300
4.902000  0.777300
4.903000  0.775400
4.904000  0.773400
4.905000  0.771500
4.906000  0.769600
4.907000  0.767700
4.908000  0.765800
4.909000  0.763900
4.910000  0.762100
4.911000  0.760200
4.912000  0.758500
4.913000  0.756700
4.914000  0.755000
4.915000  0.753300
4.916000  0.751700
4.917000  0.750100
4.918000  0.748500
4.919000  0.747000
4.920000  0.745500
4.921000  0.744000
4.922000  0.742600
4.923000  0.741200
4.924000  0.739900
4.925000  0.738600
4.926000  0.737400
4.927000  0.736200
4.928000  0.735100
4.929000  0.734100
4.930000  0.733100
4.931000  0.732100
4.932000  0.731200
4.933000  0.730400
4.934000  0.729600
4.935000  0.728900
4.936000  0.728300
4.937000  0.727700
4.938000  0.727200
4.939000  0.726700
4.940000  0.726300
4.941000  0.725900
4.942000  0.725600
4.943000  0.725300
4.944000  0.725100
4.945000  0.724900
4.946000  0.724800
4.947000  0.724700
4.948000  0.724700
4.949000  0.724800
4.950000  0.724900
4.951000  0.725100
4.952000  0.725400
4.953000  0.725700
4.954000  0.726100
4.955000  0.726600
4.956000  0.727200
4.957000  0.727800
4.958000  0.728500
4.959000  0.729200
4.960000  0.730000
4.961000  0.730800
4.962000  0.731600
4.963000  0.732500
4.964000  0.733400
4.965000  0.734300
4.966000  0.735300
4.967000  0.736300
4.968000  0.737400
4.969000  0.738500
4.970000  0.739700
4.971000  0.740900
4.972000  0.742200
4.973000  0.743500
4.974000  0.744800
4.975000  0.746100
4.976000  0.747500
4.977000  0.748900
4.978000  0.750300
4.979000  0.751800
4.980000  0.753300
4.981000  0.754900
4.982000  0.756400
4.983000  0.757900
4.984000  0.759500
4.985000  0.761000
4.986000  0.762600
4.987000  0.764100
4.988000  0.765700
4.989000  0.767300
4.990000  0.768900
4.991000  0.770500
4.992000  0.772100
4.993000  0.773700
4.994000  0.775300
4.995000  0.776900
4.996000  0.778400
4.997000  0.779900
4.998000  0.781400
4.999000  0.782900
5.000000  0.784300
5.001000  0.785700
5.002000  0.787100
5.003000  0.788600
5.004000  0.789900
5.005000  0.791300
5.006000  0.792600
5.007000  0.793800
5.008000  0.794800
5.009000  0.795800
5.010000  0.796800
5.011000  0.797600
5.012000  0.798500
5.013000  0.799400
5.014000  0.800200
5.015000  0.801000
5.016000  0.801900
5.017000  0.802700
5.018000  0.803500
5.019000  0.804300
5.020000  0.805000
5.021000  0.805600
5.022000  0.806200
5.023000  0.806600
5.024000  0.806800
5.025000  0.807000
5.026000  0.807000
5.027000  0.806800
5.028000  0.806500
5.029000  0.806000
5.030000  0.805200
5.031000  0.804300
5.032000  0.803100
5.033000  0.801600
5.034000  0.799800
5.035000  0.797600
5.036000  0.795200
5.037000  0.792300
5.038000  0.789000
5.039000  0.785200
5.040000  0.780800
5.041000  0.775800
5.042000  0.770100
5.043000  0.763700
5.044000  0.756600
5.045000  0.748800
5.046000  0.740200
5.047000  0.730700
5.048000  0.720400
5.049000  0.709300
5.050000  0.697100
5.051000  0.684000
5.052000  0.669900
5.053000  0.654800
5.054000  0.638800
5.055000  0.622000
5.056000  0.604400
5.057000  0.586100
5.058000  0.567100
5.059000  0.547600
5.060000  0.527600
5.061000  0.507200
5.062000  0.486600
5.063000  0.465700
5.064000  0.444800
5.065000  0.423900
5.066000  0.403100
5.067000  0.382500
5.068000  0.362400
5.069000  0.342700
5.070000  0.323700
5.071000  0.305500
5.072000  0.288000
5.073000  0.271300
5.074000  0.255200
5.075000  0.239900
5.076000  0.225100
5.077000  0.210900
5.078000  0.197300
5.079000  0.184400
5.080000  0.172100
5.081000  0.160500
5.082000  0.149600
5.083000  0.139300
5.084000  0.129700
5.085000  0.120900
5.086000  0.112800
5.087000  0.105400
5.088000  0.098500
5.089000  0.092200
5.090000  0.086400
5.091000  0.080900
5.092000  0.075800
5.093000  0.071100
5.094000  0.066600
5.095000  0.062500
5.096000  0.058600
5.097000  0.055000
5.098000  0.051600
5.099000  0.048500
5.100000  0.045700
5.101000  0.043000
5.102000  0.040600
5.103000  0.038300
5.104000  0.036200
5.105000  0.034300
5.106000  0.032400
5.107000  0.030700
5.108000  0.029100
5.109000  0.027600
5.110000  0.026200
5.111000  0.024900
5.112000  0.023700
5.113000  0.022600
5.114000  0.021600
5.115000  0.020600
5.116000  0.019700
5.117000  0.018800
5.118000  0.018000
5.119000  0.017300
5.120000  0.016600
5.121000  0.015900
5.122000  0.015200
5.123000  0.014600
5.124000  0.014100
5.125000  0.013500
5.126000  0.013000
5.127000  0.012600
5.128000  0.012200
5.129000  0.011800
5.130000  0.011400
5.131000  0.011000
5.132000  0.010700
5.133000  0.010300
5.134000  0.010000
5.135000  0.009800
5.136000  0.009500
5.137000  0.009300
5.138000  0.009100
5.139000  0.009000
5.140000  0.008800
5.141000  0.008700
5.142000  0.008500
5.143000  0.008300
5.144000  0.008200
5.145000  0.008000
5.146000  0.007800
5.147000  0.007500
5.148000  0.007300
5.149000  0.007100
5.150000  0.006800
5.151000  0.006600
5.152000  0.006400
5.153000  0.006200
5.154000  0.006100
5.155000  0.005900
5.156000  0.005800
5.157000  0.005600
5.158000  0.005500
5.159000  0.005400
5.160000  0.005300
5.161000  0.005200
5.162000  0.005200
5.163000  0.005100
5.164000  0.005000
5.165000  0.005000
5.166000  0.004900
5.167000  0.004800
5.168000  0.004800
5.169000  0.004700
5.170000  0.004600
5.171000  0.004500
5.172000  0.004500
5.173000  0.004400
5.174000  0.004300
5.175000  0.004300
5.176000  0.004200
5.177000  0.004100
5.178000  0.004100
5.179000  0.004000
5.180000  0.004000
5.181000  0.003900
5.182000  0.003900
5.183000  0.003800
5.184000  0.003800
5.185000  0.003700
5.186000  0.003700
5.187000  0.003600
5.188000  0.003600
5.189000  0.003600
5.190000  0.003500
5.191000  0.003500
5.192000  0.003500
5.193000  0.003500
5.194000  0.003500
5.195000  0.003500
5.196000  0.003400
5.197000  0.003400
5.198000  0.003400
5.199000  0.003400
5.200000  0.003300
5.201000  0.003300
5.202000  0.003300
5.203000  0.003200
5.204000  0.003200
5.205000  0.003200
5.206000  0.003200
5.207000  0.003200
5.208000  0.003200
5.209000  0.003200
5.210000  0.003200
5.211000  0.003100
5.212000  0.003100
5.213000  0.003000
5.214000  0.003000
5.215000  0.002900
5.216000  0.002800
5.217000  0.002800
5.218000  0.002700
5.219000  0.002700
5.220000  0.002600
5.221000  0.002600
5.222000  0.002600
5.223000  0.002600
5.224000  0.002600
5.225000  0.002600
5.226000  0.002600
5.227000  0.002600
5.228000  0.002600
5.229000  0.002600
5.230000  0.002500
5.231000  0.002500
5.232000  0.002500
5.233000  0.002500
5.234000  0.002500
5.235000  0.002500
5.236000  0.002500
5.237000  0.002500
5.238000  0.002500
5.239000  0.002400
5.240000  0.002400
5.241000  0.002400
5.242000  0.002400
5.243000  0.002300
5.244000  0.002300
5.245000  0.002300
5.246000  0.002200
5.247000  0.002200
5.248000  0.002200
5.249000  0.002200
5.250000  0.002100
5.251000  0.002100
5.252000  0.002100
5.253000  0.002100
5.254000  0.002000
5.255000  0.002000
5.256000  0.002000
5.257000  0.002000
5.258000  0.002000
5.259000  0.001900
5.260000  0.001900
5.261000  0.001900
5.262000  0.001900
5.263000  0.001900
5.264000  0.001900
5.265000  0.001900
5.266000  0.001900
5.267000  0.001900
5.268000  0.001900
5.269000  0.001900
5.270000  0.001900
5.271000  0.001900
5.272000  0.001900
5.273000  0.002000
5.274000  0.001900
5.275000  0.001900
5.276000  0.001900
5.277000  0.001900
5.278000  0.001900
5.279000  0.001800
5.280000  0.001800
5.281000  0.001800
5.282000  0.001800
5.283000  0.001700
5.284000  0.001700
5.285000  0.001800
5.286000  0.001800
5.287000  0.001800
5.288000  0.001800
5.289000  0.001800
5.290000  0.001800
5.291000  0.001800
5.292000  0.001800
5.293000  0.001700
5.294000  0.001700
5.295000  0.001700
5.296000  0.001700
5.297000  0.001600
5.298000  0.001600
5.299000  0.001600
5.300000  0.001600
5.301000  0.001600
5.302000  0.001600
5.303000  0.001600
5.304000  0.001600
5.305000  0.001600
5.306000  0.001600
5.307000  0.001600
5.308000  0.001600
5.309000  0.001600
5.310000  0.001500
5.311000  0.001500
5.312000  0.001500
5.313000  0.001500
5.314000  0.001500
5.315000  0.001500
5.316000  0.001500
5.317000  0.001500
5.318000  0.001500
5.319000  0.001500
5.320000  0.001500
5.321000  0.001500
5.322000  0.001400
5.323000  0.001400
5.324000  0.001400
5.325000  0.001400
5.326000  0.001400
5.327000  0.001400
5.328000  0.001400
5.329000  0.001400
5.330000  0.001400
5.331000  0.001400
5.332000  0.001400
5.333000  0.001400
5.334000  0.001400
5.335000  0.001400
5.336000  0.001400
5.337000  0.001400
5.338000  0.001400
5.339000  0.001400
5.340000  0.001400
5.341000  0.001400
5.342000  0.001400
5.343000  0.001500
5.344000  0.001500
5.345000  0.001500
5.346000  0.001500
5.347000  0.001500
5.348000  0.001500
5.349000  0.001500
5.350000  0.001500
5.351000  0.001500
5.352000  0.001400
5.353000  0.001400
5.354000  0.001400
5.355000  0.001300
5.356000  0.001300
5.357000  0.001300
5.358000  0.001200
5.359000  0.001200
