# author : SVO Filter Profile Service
# source : svo2.cab.inta-csic.es/theory/fps
# svo_id : Paranal/ERIS.H2-1-OS
# date_created  : 2026-04-15
# date_modified : 2026-04-15
# type : filter:transmission
# status : measured
# description : ERIS NIX H2-1-0S filter transmission curve
# wavelength_unit : um
wavelength  transmission
2.068360  0.001300
2.068570  0.001000
2.068770  0.000900
2.068980  0.000900
2.069190  0.000900
2.069390  0.001100
2.069600  0.001300
2.069810  0.001500
2.070010  0.001700
2.070220  0.001800
2.070430  0.001900
2.070630  0.002000
2.070840  0.002000
2.071050  0.002100
2.071250  0.002000
2.071460  0.002000
2.071670  0.001900
2.071870  0.001800
2.072080  0.001600
2.072290  0.001400
2.072490  0.001200
2.072700  0.001100
2.072910  0.000900
2.073120  0.000700
2.073320  0.000600
2.073530  0.000500
2.073740  0.000400
2.073940  0.000400
2.074150  0.000500
2.074360  0.000600
2.074570  0.000900
2.074770  0.001300
2.074980  0.001800
2.075190  0.002400
2.075400  0.002900
2.075610  0.003400
2.075810  0.003700
2.076020  0.003800
2.076230  0.003800
2.076440  0.003700
2.076640  0.003400
2.076850  0.003100
2.077060  0.002800
2.077270  0.002500
2.077480  0.002300
2.077680  0.002200
2.077890  0.002200
2.078100  0.002200
2.078310  0.002300
2.078520  0.002400
2.078730  0.002400
2.078930  0.002500
2.079140  0.002600
2.079350  0.002600
2.079560  0.002600
2.079770  0.002700
2.079980  0.002800
2.080180  0.003000
2.080390  0.003200
2.080600  0.003500
2.080810  0.003700
2.081020  0.003900
2.081230  0.004000
2.081440  0.004000
2.081650  0.003900
2.081860  0.003700
2.082060  0.003500
2.082270  0.003300
2.082480  0.003200
2.082690  0.003100
2.082900  0.003100
2.083110  0.003100
2.083320  0.003100
2.083530  0.003100
2.083740  0.003200
2.083950  0.003300
2.084160  0.003400
2.084370  0.003600
2.084570  0.003800
2.084780  0.004000
2.084990  0.004200
2.085200  0.004400
2.085410  0.004500
2.085620  0.004500
2.085830  0.004600
2.086040  0.004700
2.086250  0.004800
2.086460  0.005000
2.086670  0.005300
2.086880  0.005600
2.087090  0.005900
2.087300  0.006200
2.087510  0.006600
2.087720  0.006900
2.087930  0.007100
2.088140  0.007300
2.088350  0.007400
2.088560  0.007400
2.088770  0.007400
2.088980  0.007200
2.089190  0.007100
2.089400  0.006900
2.089620  0.006700
2.089830  0.006500
2.090040  0.006500
2.090250  0.006500
2.090460  0.006700
2.090670  0.007000
2.090880  0.007300
2.091090  0.007700
2.091300  0.008100
2.091510  0.008500
2.091720  0.008800
2.091930  0.009000
2.092140  0.009200
2.092360  0.009500
2.092570  0.009800
2.092780  0.010200
2.092990  0.010700
2.093200  0.011200
2.093410  0.011900
2.093620  0.012600
2.093830  0.013300
2.094050  0.014100
2.094260  0.014800
2.094470  0.015600
2.094680  0.016500
2.094890  0.017300
2.095100  0.018100
2.095310  0.018900
2.095530  0.019700
2.095740  0.020400
2.095950  0.021200
2.096160  0.022100
2.096370  0.022900
2.096590  0.023700
2.096800  0.024500
2.097010  0.025200
2.097220  0.025900
2.097430  0.026600
2.097650  0.027300
2.097860  0.028100
2.098070  0.029000
2.098280  0.030100
2.098490  0.031300
2.098710  0.032600
2.098920  0.034000
2.099130  0.035500
2.099340  0.037100
2.099560  0.038700
2.099770  0.040400
2.099980  0.042300
2.100190  0.044300
2.100410  0.046400
2.100620  0.048600
2.100830  0.050900
2.101050  0.053400
2.101260  0.056100
2.101470  0.058900
2.101680  0.061900
2.101900  0.065100
2.102110  0.068500
2.102320  0.072000
2.102540  0.075600
2.102750  0.079300
2.102960  0.083000
2.103180  0.086900
2.103390  0.090900
2.103600  0.095100
2.103820  0.099500
2.104030  0.104200
2.104240  0.109300
2.104460  0.114700
2.104670  0.120600
2.104880  0.126900
2.105100  0.133700
2.105310  0.141000
2.105520  0.148900
2.105740  0.157200
2.105950  0.165900
2.106170  0.175100
2.106380  0.184800
2.106590  0.194900
2.106810  0.205400
2.107020  0.216400
2.107240  0.228000
2.107450  0.240100
2.107660  0.252800
2.107880  0.266100
2.108090  0.279900
2.108310  0.294400
2.108520  0.309400
2.108740  0.325100
2.108950  0.341300
2.109160  0.358000
2.109380  0.375300
2.109590  0.392900
2.109810  0.411000
2.110020  0.429300
2.110240  0.447900
2.110450  0.466500
2.110670  0.485100
2.110880  0.503700
2.111100  0.522200
2.111310  0.540500
2.111530  0.558600
2.111740  0.576400
2.111960  0.593900
2.112170  0.610700
2.112390  0.627000
2.112600  0.642400
2.112820  0.656900
2.113030  0.670500
2.113250  0.683200
2.113460  0.695000
2.113680  0.705900
2.113890  0.715800
2.114110  0.724900
2.114320  0.732900
2.114540  0.740100
2.114760  0.746300
2.114970  0.751700
2.115190  0.756300
2.115400  0.760200
2.115620  0.763500
2.115830  0.766200
2.116050  0.768300
2.116270  0.769900
2.116480  0.770900
2.116700  0.771500
2.116910  0.771800
2.117130  0.771700
2.117350  0.771400
2.117560  0.771100
2.117780  0.770700
2.117990  0.770400
2.118210  0.770300
2.118430  0.770300
2.118640  0.770400
2.118860  0.770700
2.119080  0.771100
2.119290  0.771500
2.119510  0.771900
2.119730  0.772200
2.119940  0.772400
2.120160  0.772600
2.120380  0.772800
2.120590  0.773100
2.120810  0.773400
2.121030  0.773700
2.121240  0.774000
2.121460  0.774300
2.121680  0.774400
2.121890  0.774500
2.122110  0.774300
2.122330  0.774000
2.122550  0.773300
2.122760  0.772400
2.122980  0.771200
2.123200  0.769500
2.123420  0.767400
2.123630  0.764700
2.123850  0.761400
2.124070  0.757500
2.124290  0.752900
2.124500  0.747400
2.124720  0.741200
2.124940  0.734100
2.125160  0.726100
2.125370  0.717100
2.125590  0.707200
2.125810  0.696300
2.126030  0.684500
2.126250  0.671900
2.126460  0.658400
2.126680  0.644200
2.126900  0.629300
2.127120  0.613700
2.127340  0.597500
2.127550  0.580600
2.127770  0.563300
2.127990  0.545500
2.128210  0.527300
2.128430  0.509000
2.128650  0.490600
2.128860  0.472200
2.129080  0.454000
2.129300  0.436100
2.129520  0.418400
2.129740  0.401000
2.129960  0.384000
2.130180  0.367200
2.130390  0.350900
2.130610  0.335100
2.130830  0.319700
2.131050  0.305000
2.131270  0.290800
2.131490  0.277200
2.131710  0.264200
2.131930  0.251700
2.132150  0.239800
2.132370  0.228400
2.132580  0.217500
2.132800  0.207200
2.133020  0.197200
2.133240  0.187700
2.133460  0.178600
2.133680  0.169700
2.133900  0.161200
2.134120  0.153000
2.134340  0.145200
2.134560  0.137700
2.134780  0.130700
2.135000  0.124100
2.135220  0.117900
2.135440  0.112200
2.135660  0.106800
2.135880  0.101700
2.136100  0.097000
2.136320  0.092500
2.136540  0.088300
2.136760  0.084300
2.136980  0.080500
2.137200  0.076900
2.137420  0.073400
2.137640  0.070100
2.137860  0.067100
2.138080  0.064200
2.138300  0.061500
2.138520  0.059100
2.138740  0.056800
2.138960  0.054600
2.139180  0.052500
2.139400  0.050400
2.139620  0.048400
2.139850  0.046400
2.140070  0.044500
2.140290  0.042600
2.140510  0.040800
2.140730  0.039000
2.140950  0.037200
2.141170  0.035500
2.141390  0.033900
2.141610  0.032300
2.141830  0.030900
2.142060  0.029500
2.142280  0.028300
2.142500  0.027100
2.142720  0.026100
2.142940  0.025100
2.143160  0.024300
2.143380  0.023500
2.143600  0.022800
2.143830  0.022100
2.144050  0.021500
2.144270  0.020800
2.144490  0.020200
2.144710  0.019500
2.144930  0.018800
2.145160  0.018000
2.145380  0.017300
2.145600  0.016600
2.145820  0.016100
2.146040  0.015600
2.146270  0.015300
2.146490  0.015100
2.146710  0.014900
2.146930  0.014700
2.147160  0.014500
2.147380  0.014100
2.147600  0.013600
2.147820  0.013100
2.148040  0.012400
2.148270  0.011800
2.148490  0.011300
2.148710  0.010800
2.148930  0.010300
2.149160  0.009900
2.149380  0.009400
2.149600  0.008900
2.149830  0.008400
2.150050  0.007800
2.150270  0.007300
2.150490  0.006900
2.150720  0.006600
2.150940  0.006400
2.151160  0.006200
2.151390  0.006100
2.151610  0.006000
2.151830  0.005900
2.152060  0.005900
2.152280  0.005900
2.152500  0.005900
2.152730  0.006000
2.152950  0.006100
2.153170  0.006200
2.153400  0.006200
2.153620  0.006100
2.153840  0.005900
2.154070  0.005700
2.154290  0.005300
2.154520  0.005000
2.154740  0.004600
2.154960  0.004300
2.155190  0.004100
2.155410  0.003900
2.155640  0.003700
2.155860  0.003600
2.156080  0.003600
2.156310  0.003600
2.156530  0.003700
2.156760  0.003800
2.156980  0.003800
2.157200  0.003900
2.157430  0.003800
2.157650  0.003800
2.157880  0.003800
2.158100  0.003800
2.158330  0.003800
2.158550  0.003900
2.158780  0.004100
2.159000  0.004200
2.159230  0.004300
2.159450  0.004200
2.159680  0.004100
2.159900  0.003800
2.160130  0.003500
2.160350  0.003200
2.160580  0.002900
2.160800  0.002600
2.161030  0.002400
2.161250  0.002200
2.161480  0.002000
2.161700  0.001800
2.161930  0.001600
2.162150  0.001400
2.162380  0.001300
2.162600  0.001100
2.162830  0.001100
2.163050  0.001100
2.163280  0.001200
2.163510  0.001400
2.163730  0.001500
2.163960  0.001600
2.164180  0.001700
2.164410  0.001800
2.164630  0.002000
2.164860  0.002100
2.165090  0.002300
2.165310  0.002500
2.165540  0.002600
2.165760  0.002700
2.165990  0.002700
2.166220  0.002600
2.166440  0.002500
2.166670  0.002300
2.166900  0.002100
2.167120  0.001900
2.167350  0.001800
2.167570  0.001800
2.167800  0.001800
2.168030  0.001900
2.168250  0.001900
2.168480  0.002000
2.168710  0.002000
2.168930  0.002100
2.169160  0.002100
2.169390  0.002000
2.169620  0.001900
2.169840  0.001800
2.170070  0.001600
2.170300  0.001500
2.170520  0.001400
2.170750  0.001400
2.170980  0.001500
2.171210  0.001700
2.171430  0.001900
2.171660  0.002200
2.171890  0.002400
2.172110  0.002600
2.172340  0.002800
2.172570  0.002900
2.172800  0.003000
2.173020  0.003100
2.173250  0.003100
2.173480  0.003100
2.173710  0.002900
2.173940  0.002800
2.174160  0.002600
2.174390  0.002400
2.174620  0.002200
2.174850  0.002100
2.175080  0.002100
2.175300  0.002100
2.175530  0.002100
2.175760  0.002200
2.175990  0.002200
2.176220  0.002200
2.176450  0.002000
2.176670  0.001900
2.176900  0.001600
2.177130  0.001400
2.177360  0.001200
2.177590  0.001100
2.177820  0.001000
2.178050  0.000900
2.178270  0.000800
2.178500  0.000700
2.178730  0.000700
