# author : SVO Filter Profile Service
# source : svo2.cab.inta-csic.es/theory/fps
# svo_id : Paranal/ERIS.Br-g
# date_created  : 2026-04-15
# date_modified : 2026-04-15
# type : filter:transmission
# status : measured
# description : ERIS NIX Br-g filter transmission curve
# wavelength_unit : um
wavelength  transmission
2.130180  0.004000
2.130390  0.004000
2.130610  0.004000
2.130830  0.003800
2.131050  0.003600
2.131270  0.003300
2.131490  0.002800
2.131710  0.002300
2.131930  0.001800
2.132150  0.001400
2.132370  0.001100
2.132580  0.001000
2.132800  0.001200
2.133020  0.001400
2.133240  0.001700
2.133460  0.001900
2.133680  0.002000
2.133900  0.002000
2.134120  0.001900
2.134340  0.001800
2.134560  0.001800
2.134780  0.001900
2.135000  0.002200
2.135220  0.002500
2.135440  0.002900
2.135660  0.003300
2.135880  0.003600
2.136100  0.003800
2.136320  0.004000
2.136540  0.004100
2.136760  0.004100
2.136980  0.004000
2.137200  0.003900
2.137420  0.003800
2.137640  0.003700
2.137860  0.003600
2.138080  0.003600
2.138300  0.003700
2.138520  0.003900
2.138740  0.004100
2.138960  0.004400
2.139180  0.004700
2.139400  0.004900
2.139620  0.005100
2.139850  0.005400
2.140070  0.005700
2.140290  0.006000
2.140510  0.006300
2.140730  0.006500
2.140950  0.006800
2.141170  0.007000
2.141390  0.007100
2.141610  0.007300
2.141830  0.007400
2.142060  0.007600
2.142280  0.007900
2.142500  0.008200
2.142720  0.008600
2.142940  0.008900
2.143160  0.009200
2.143380  0.009500
2.143600  0.009800
2.143830  0.010000
2.144050  0.010300
2.144270  0.010600
2.144490  0.011000
2.144710  0.011400
2.144930  0.011800
2.145160  0.012200
2.145380  0.012700
2.145600  0.013100
2.145820  0.013600
2.146040  0.014000
2.146270  0.014500
2.146490  0.014900
2.146710  0.015200
2.146930  0.015400
2.147160  0.015600
2.147380  0.015600
2.147600  0.015800
2.147820  0.016000
2.148040  0.016300
2.148270  0.016800
2.148490  0.017400
2.148710  0.018200
2.148930  0.019100
2.149160  0.020100
2.149380  0.021200
2.149600  0.022300
2.149830  0.023500
2.150050  0.024700
2.150270  0.025900
2.150490  0.027100
2.150720  0.028200
2.150940  0.029200
2.151160  0.030300
2.151390  0.031500
2.151610  0.032800
2.151830  0.034200
2.152060  0.035800
2.152280  0.037600
2.152500  0.039400
2.152730  0.041300
2.152950  0.043200
2.153170  0.045100
2.153400  0.047100
2.153620  0.049100
2.153840  0.051200
2.154070  0.053500
2.154290  0.056000
2.154520  0.058700
2.154740  0.061600
2.154960  0.064800
2.155190  0.068300
2.155410  0.072100
2.155640  0.076300
2.155860  0.080600
2.156080  0.085200
2.156310  0.090000
2.156530  0.094900
2.156760  0.099800
2.156980  0.105000
2.157200  0.110300
2.157430  0.116000
2.157650  0.122100
2.157880  0.128800
2.158100  0.136000
2.158330  0.143900
2.158550  0.152500
2.158780  0.161700
2.159000  0.171400
2.159230  0.181700
2.159450  0.192400
2.159680  0.203700
2.159900  0.215400
2.160130  0.227800
2.160350  0.240700
2.160580  0.254300
2.160800  0.268500
2.161030  0.283300
2.161250  0.298800
2.161480  0.314800
2.161700  0.331400
2.161930  0.348600
2.162150  0.366400
2.162380  0.384700
2.162600  0.403600
2.162830  0.423000
2.163050  0.442700
2.163280  0.462600
2.163510  0.482400
2.163730  0.502000
2.163960  0.521400
2.164180  0.540400
2.164410  0.558900
2.164630  0.577000
2.164860  0.594500
2.165090  0.611500
2.165310  0.627700
2.165540  0.643200
2.165760  0.657800
2.165990  0.671500
2.166220  0.684200
2.166440  0.695900
2.166670  0.706500
2.166900  0.716100
2.167120  0.724500
2.167350  0.731800
2.167570  0.738000
2.167800  0.743100
2.168030  0.747200
2.168250  0.750500
2.168480  0.753100
2.168710  0.755000
2.168930  0.756400
2.169160  0.757300
2.169390  0.757700
2.169620  0.757700
2.169840  0.757500
2.170070  0.757000
2.170300  0.756400
2.170520  0.755600
2.170750  0.754800
2.170980  0.753900
2.171210  0.752900
2.171430  0.752000
2.171660  0.751000
2.171890  0.750000
2.172110  0.749100
2.172340  0.748200
2.172570  0.747400
2.172800  0.746800
2.173020  0.746200
2.173250  0.745800
2.173480  0.745400
2.173710  0.745200
2.173940  0.745000
2.174160  0.744700
2.174390  0.744300
2.174620  0.743600
2.174850  0.742700
2.175080  0.741500
2.175300  0.739900
2.175530  0.738000
2.175760  0.735700
2.175990  0.733000
2.176220  0.729700
2.176450  0.725700
2.176670  0.721000
2.176900  0.715400
2.177130  0.709000
2.177360  0.701800
2.177590  0.693800
2.177820  0.685100
2.178050  0.675500
2.178270  0.665100
2.178500  0.653800
2.178730  0.641700
2.178960  0.628600
2.179190  0.614700
2.179420  0.600000
2.179650  0.584600
2.179880  0.568700
2.180100  0.552300
2.180330  0.535500
2.180560  0.518300
2.180790  0.500900
2.181020  0.483200
2.181250  0.465400
2.181480  0.447600
2.181710  0.429700
2.181940  0.411900
2.182170  0.394300
2.182400  0.376900
2.182630  0.359800
2.182860  0.343100
2.183090  0.326900
2.183320  0.311000
2.183550  0.295700
2.183780  0.281000
2.184010  0.266800
2.184240  0.253200
2.184470  0.240200
2.184700  0.227900
2.184930  0.216200
2.185160  0.205200
2.185390  0.194700
2.185620  0.184700
2.185850  0.175200
2.186080  0.166100
2.186310  0.157500
2.186540  0.149200
2.186770  0.141400
2.187000  0.134000
2.187230  0.127100
2.187460  0.120600
2.187690  0.114600
2.187920  0.109000
2.188160  0.103800
2.188390  0.098900
2.188620  0.094300
2.188850  0.089900
2.189080  0.085600
2.189310  0.081500
2.189540  0.077500
2.189770  0.073600
2.190000  0.069900
2.190230  0.066400
2.190470  0.063000
2.190700  0.059900
2.190930  0.056900
2.191160  0.054200
2.191390  0.051600
2.191620  0.049200
2.191850  0.046900
2.192090  0.044700
2.192320  0.042700
2.192550  0.040800
2.192780  0.039100
2.193010  0.037400
2.193250  0.035900
2.193480  0.034400
2.193710  0.033000
2.193940  0.031700
2.194170  0.030300
2.194410  0.029100
2.194640  0.027900
2.194870  0.026900
2.195100  0.025900
2.195330  0.025000
2.195570  0.024200
2.195800  0.023400
2.196030  0.022500
2.196260  0.021700
2.196500  0.020800
2.196730  0.019900
2.196960  0.019100
2.197200  0.018300
2.197430  0.017700
2.197660  0.017100
2.197890  0.016700
2.198130  0.016300
2.198360  0.016000
2.198590  0.015700
2.198830  0.015400
2.199060  0.015200
2.199290  0.014900
2.199530  0.014700
2.199760  0.014500
2.199990  0.014200
2.200230  0.013700
2.200460  0.013000
2.200690  0.012100
2.200930  0.011100
2.201160  0.010000
2.201390  0.009000
2.201630  0.008200
2.201860  0.007600
2.202090  0.007300
2.202330  0.007200
2.202560  0.007200
2.202800  0.007300
2.203030  0.007500
2.203260  0.007600
2.203500  0.007700
2.203730  0.007800
2.203970  0.007800
2.204200  0.007700
2.204430  0.007600
2.204670  0.007400
2.204900  0.007200
2.205140  0.006900
2.205370  0.006500
2.205610  0.006100
2.205840  0.005700
2.206080  0.005400
2.206310  0.005200
2.206540  0.005000
2.206780  0.004800
2.207010  0.004800
2.207250  0.004700
2.207480  0.004600
2.207720  0.004600
2.207950  0.004600
2.208190  0.004600
2.208420  0.004700
2.208660  0.004900
2.208890  0.005100
2.209130  0.005300
2.209370  0.005400
2.209600  0.005500
2.209840  0.005400
2.210070  0.005200
2.210310  0.004900
2.210540  0.004400
2.210780  0.003800
2.211010  0.003200
2.211250  0.002600
2.211490  0.002100
2.211720  0.001600
2.211960  0.001400
2.212190  0.001200
2.212430  0.001300
2.212660  0.001500
2.212900  0.001800
2.213140  0.002200
2.213370  0.002600
2.213610  0.003000
2.213850  0.003400
2.214080  0.003600
2.214320  0.003800
2.214550  0.003700
2.214790  0.003600
2.215030  0.003200
2.215260  0.002800
2.215500  0.002300
2.215740  0.001700
2.215970  0.001200
