# author : SVO Filter Profile Service
# source : svo2.cab.inta-csic.es/theory/fps
# svo_id : Paranal/ERIS.Lp
# date_created  : 2026-04-15
# date_modified : 2026-04-15
# type : filter:transmission
# status : measured
# description : ERIS NIX Lp filter transmission curve
# wavelength_unit : um
wavelength  transmission
3.342000  0.001200
3.343000  0.001200
3.344000  0.001200
3.345000  0.001200
3.346000  0.001200
3.347000  0.001200
3.348000  0.001300
3.349000  0.001300
3.350000  0.001400
3.351000  0.001500
3.352000  0.001500
3.353000  0.001500
3.354000  0.001500
3.355000  0.001500
3.356000  0.001500
3.357000  0.001500
3.358000  0.001500
3.359000  0.001500
3.360000  0.001600
3.361000  0.001600
3.362000  0.001600
3.363000  0.001700
3.364000  0.001600
3.365000  0.001600
3.366000  0.001600
3.367000  0.001700
3.368000  0.001700
3.369000  0.001700
3.370000  0.001800
3.371000  0.001800
3.372000  0.001800
3.373000  0.001800
3.374000  0.001800
3.375000  0.001900
3.376000  0.001900
3.377000  0.001800
3.378000  0.001800
3.379000  0.001700
3.380000  0.001700
3.381000  0.001700
3.382000  0.001800
3.383000  0.001900
3.384000  0.001900
3.385000  0.001900
3.386000  0.001900
3.387000  0.002000
3.388000  0.002000
3.389000  0.002100
3.390000  0.002200
3.391000  0.002300
3.392000  0.002300
3.393000  0.002400
3.394000  0.002400
3.395000  0.002500
3.396000  0.002500
3.397000  0.002600
3.398000  0.002600
3.399000  0.002600
3.400000  0.002700
3.401000  0.002700
3.402000  0.002700
3.403000  0.002700
3.404000  0.002700
3.405000  0.002700
3.406000  0.002800
3.407000  0.002900
3.408000  0.003000
3.409000  0.003100
3.410000  0.003200
3.411000  0.003300
3.412000  0.003300
3.413000  0.003400
3.414000  0.003400
3.415000  0.003500
3.416000  0.003600
3.417000  0.003700
3.418000  0.003800
3.419000  0.003800
3.420000  0.003800
3.421000  0.003900
3.422000  0.004000
3.423000  0.004100
3.424000  0.004200
3.425000  0.004400
3.426000  0.004500
3.427000  0.004600
3.428000  0.004800
3.429000  0.004900
3.430000  0.005100
3.431000  0.005200
3.432000  0.005400
3.433000  0.005600
3.434000  0.005800
3.435000  0.006100
3.436000  0.006400
3.437000  0.006700
3.438000  0.007000
3.439000  0.007200
3.440000  0.007500
3.441000  0.007800
3.442000  0.008200
3.443000  0.008600
3.444000  0.009100
3.445000  0.009700
3.446000  0.010300
3.447000  0.010900
3.448000  0.011700
3.449000  0.012400
3.450000  0.013300
3.451000  0.014200
3.452000  0.015100
3.453000  0.016200
3.454000  0.017500
3.455000  0.018800
3.456000  0.020300
3.457000  0.022000
3.458000  0.023900
3.459000  0.025900
3.460000  0.028300
3.461000  0.030900
3.462000  0.033800
3.463000  0.037000
3.464000  0.040600
3.465000  0.044700
3.466000  0.049200
3.467000  0.054300
3.468000  0.060000
3.469000  0.066400
3.470000  0.073500
3.471000  0.081600
3.472000  0.090600
3.473000  0.100600
3.474000  0.111700
3.475000  0.123900
3.476000  0.137500
3.477000  0.152300
3.478000  0.168400
3.479000  0.185900
3.480000  0.204700
3.481000  0.224600
3.482000  0.245600
3.483000  0.267400
3.484000  0.289800
3.485000  0.312500
3.486000  0.335300
3.487000  0.357700
3.488000  0.379400
3.489000  0.400000
3.490000  0.419400
3.491000  0.437300
3.492000  0.453600
3.493000  0.468100
3.494000  0.481000
3.495000  0.492100
3.496000  0.501600
3.497000  0.509700
3.498000  0.516600
3.499000  0.522300
3.500000  0.527100
3.501000  0.531200
3.502000  0.534700
3.503000  0.537700
3.504000  0.540400
3.505000  0.542900
3.506000  0.545400
3.507000  0.547800
3.508000  0.550200
3.509000  0.552800
3.510000  0.555600
3.511000  0.558500
3.512000  0.561600
3.513000  0.565000
3.514000  0.568500
3.515000  0.572300
3.516000  0.576300
3.517000  0.580600
3.518000  0.585100
3.519000  0.589900
3.520000  0.594800
3.521000  0.599800
3.522000  0.605000
3.523000  0.610300
3.524000  0.615700
3.525000  0.621200
3.526000  0.626900
3.527000  0.632500
3.528000  0.638200
3.529000  0.643900
3.530000  0.649600
3.531000  0.655200
3.532000  0.660800
3.533000  0.666300
3.534000  0.671700
3.535000  0.677000
3.536000  0.682200
3.537000  0.687200
3.538000  0.692100
3.539000  0.696700
3.540000  0.701100
3.541000  0.705400
3.542000  0.709400
3.543000  0.713200
3.544000  0.716800
3.545000  0.720300
3.546000  0.723500
3.547000  0.726500
3.548000  0.729300
3.549000  0.731900
3.550000  0.734200
3.551000  0.736400
3.552000  0.738300
3.553000  0.740100
3.554000  0.741700
3.555000  0.743200
3.556000  0.744500
3.557000  0.745700
3.558000  0.746800
3.559000  0.747700
3.560000  0.748400
3.561000  0.749100
3.562000  0.749700
3.563000  0.750200
3.564000  0.750600
3.565000  0.751000
3.566000  0.751300
3.567000  0.751500
3.568000  0.751600
3.569000  0.751600
3.570000  0.751600
3.571000  0.751700
3.572000  0.751700
3.573000  0.751700
3.574000  0.751700
3.575000  0.751600
3.576000  0.751600
3.577000  0.751500
3.578000  0.751500
3.579000  0.751600
3.580000  0.751700
3.581000  0.751900
3.582000  0.752100
3.583000  0.752300
3.584000  0.752500
3.585000  0.752800
3.586000  0.753200
3.587000  0.753500
3.588000  0.753900
3.589000  0.754400
3.590000  0.754900
3.591000  0.755400
3.592000  0.756100
3.593000  0.756800
3.594000  0.757600
3.595000  0.758400
3.596000  0.759300
3.597000  0.760200
3.598000  0.761200
3.599000  0.762300
3.600000  0.763400
3.601000  0.764600
3.602000  0.765800
3.603000  0.767000
3.604000  0.768300
3.605000  0.769600
3.606000  0.771100
3.607000  0.772600
3.608000  0.774100
3.609000  0.775700
3.610000  0.777300
3.611000  0.778900
3.612000  0.780600
3.613000  0.782200
3.614000  0.783900
3.615000  0.785600
3.616000  0.787300
3.617000  0.789100
3.618000  0.790800
3.619000  0.792600
3.620000  0.794400
3.621000  0.796200
3.622000  0.798000
3.623000  0.799800
3.624000  0.801500
3.625000  0.803200
3.626000  0.804900
3.627000  0.806500
3.628000  0.808100
3.629000  0.809700
3.630000  0.811200
3.631000  0.812700
3.632000  0.814200
3.633000  0.815500
3.634000  0.816800
3.635000  0.818100
3.636000  0.819200
3.637000  0.820200
3.638000  0.821200
3.639000  0.822100
3.640000  0.823000
3.641000  0.823800
3.642000  0.824600
3.643000  0.825300
3.644000  0.825900
3.645000  0.826400
3.646000  0.826900
3.647000  0.827200
3.648000  0.827500
3.649000  0.827700
3.650000  0.827800
3.651000  0.827800
3.652000  0.827800
3.653000  0.827700
3.654000  0.827500
3.655000  0.827300
3.656000  0.827000
3.657000  0.826600
3.658000  0.826200
3.659000  0.825800
3.660000  0.825300
3.661000  0.824800
3.662000  0.824300
3.663000  0.823700
3.664000  0.823100
3.665000  0.822400
3.666000  0.821700
3.667000  0.820900
3.668000  0.820200
3.669000  0.819400
3.670000  0.818700
3.671000  0.818000
3.672000  0.817300
3.673000  0.816600
3.674000  0.815800
3.675000  0.815100
3.676000  0.814400
3.677000  0.813700
3.678000  0.813000
3.679000  0.812300
3.680000  0.811700
3.681000  0.811100
3.682000  0.810600
3.683000  0.810200
3.684000  0.809800
3.685000  0.809400
3.686000  0.809000
3.687000  0.808700
3.688000  0.808400
3.689000  0.808200
3.690000  0.808000
3.691000  0.808000
3.692000  0.807900
3.693000  0.807900
3.694000  0.807900
3.695000  0.808000
3.696000  0.808100
3.697000  0.808300
3.698000  0.808500
3.699000  0.808900
3.700000  0.809200
3.701000  0.809700
3.702000  0.810100
3.703000  0.810500
3.704000  0.811000
3.705000  0.811600
3.706000  0.812200
3.707000  0.812800
3.708000  0.813500
3.709000  0.814200
3.710000  0.814900
3.711000  0.815600
3.712000  0.816400
3.713000  0.817200
3.714000  0.818000
3.715000  0.818800
3.716000  0.819700
3.717000  0.820500
3.718000  0.821400
3.719000  0.822300
3.720000  0.823200
3.721000  0.824100
3.722000  0.825000
3.723000  0.825900
3.724000  0.826900
3.725000  0.827800
3.726000  0.828700
3.727000  0.829700
3.728000  0.830600
3.729000  0.831400
3.730000  0.832300
3.731000  0.833100
3.732000  0.833800
3.733000  0.834500
3.734000  0.835200
3.735000  0.835900
3.736000  0.836600
3.737000  0.837300
3.738000  0.838000
3.739000  0.838600
3.740000  0.839200
3.741000  0.839900
3.742000  0.840400
3.743000  0.841000
3.744000  0.841500
3.745000  0.842000
3.746000  0.842400
3.747000  0.842900
3.748000  0.843300
3.749000  0.843700
3.750000  0.844000
3.751000  0.844300
3.752000  0.844600
3.753000  0.844800
3.754000  0.845100
3.755000  0.845300
3.756000  0.845600
3.757000  0.845800
3.758000  0.846000
3.759000  0.846100
3.760000  0.846300
3.761000  0.846400
3.762000  0.846500
3.763000  0.846600
3.764000  0.846700
3.765000  0.846800
3.766000  0.846900
3.767000  0.847100
3.768000  0.847200
3.769000  0.847300
3.770000  0.847500
3.771000  0.847600
3.772000  0.847700
3.773000  0.847800
3.774000  0.847800
3.775000  0.847900
3.776000  0.848000
3.777000  0.848100
3.778000  0.848200
3.779000  0.848400
3.780000  0.848500
3.781000  0.848600
3.782000  0.848700
3.783000  0.848900
3.784000  0.849000
3.785000  0.849200
3.786000  0.849400
3.787000  0.849600
3.788000  0.849800
3.789000  0.850000
3.790000  0.850200
3.791000  0.850400
3.792000  0.850600
3.793000  0.850900
3.794000  0.851200
3.795000  0.851500
3.796000  0.851800
3.797000  0.852100
3.798000  0.852300
3.799000  0.852600
3.800000  0.852800
3.801000  0.853000
3.802000  0.853300
3.803000  0.853600
3.804000  0.853900
3.805000  0.854200
3.806000  0.854500
3.807000  0.854700
3.808000  0.854900
3.809000  0.855100
3.810000  0.855300
3.811000  0.855500
3.812000  0.855800
3.813000  0.856000
3.814000  0.856300
3.815000  0.856600
3.816000  0.856800
3.817000  0.857000
3.818000  0.857200
3.819000  0.857400
3.820000  0.857600
3.821000  0.857700
3.822000  0.857900
3.823000  0.858000
3.824000  0.858000
3.825000  0.858100
3.826000  0.858100
3.827000  0.858200
3.828000  0.858200
3.829000  0.858300
3.830000  0.858400
3.831000  0.858500
3.832000  0.858500
3.833000  0.858600
3.834000  0.858600
3.835000  0.858600
3.836000  0.858700
3.837000  0.858700
3.838000  0.858600
3.839000  0.858600
3.840000  0.858500
3.841000  0.858400
3.842000  0.858200
3.843000  0.858100
3.844000  0.858100
3.845000  0.858000
3.846000  0.857900
3.847000  0.857800
3.848000  0.857700
3.849000  0.857700
3.850000  0.857700
3.851000  0.857700
3.852000  0.857700
3.853000  0.857700
3.854000  0.857700
3.855000  0.857700
3.856000  0.857600
3.857000  0.857600
3.858000  0.857500
3.859000  0.857500
3.860000  0.857500
3.861000  0.857500
3.862000  0.857500
3.863000  0.857600
3.864000  0.857700
3.865000  0.857700
3.866000  0.857800
3.867000  0.857800
3.868000  0.857900
3.869000  0.857900
3.870000  0.857900
3.871000  0.858000
3.872000  0.858000
3.873000  0.858100
3.874000  0.858300
3.875000  0.858400
3.876000  0.858600
3.877000  0.858700
3.878000  0.858800
3.879000  0.858900
3.880000  0.859000
3.881000  0.859100
3.882000  0.859200
3.883000  0.859300
3.884000  0.859500
3.885000  0.859700
3.886000  0.859900
3.887000  0.860100
3.888000  0.860300
3.889000  0.860500
3.890000  0.860600
3.891000  0.860700
3.892000  0.860800
3.893000  0.860900
3.894000  0.860900
3.895000  0.861000
3.896000  0.861100
3.897000  0.861200
3.898000  0.861300
3.899000  0.861400
3.900000  0.861500
3.901000  0.861600
3.902000  0.861700
3.903000  0.861700
3.904000  0.861800
3.905000  0.861700
3.906000  0.861700
3.907000  0.861700
3.908000  0.861700
3.909000  0.861700
3.910000  0.861700
3.911000  0.861700
3.912000  0.861600
3.913000  0.861500
3.914000  0.861300
3.915000  0.861200
3.916000  0.861100
3.917000  0.860900
3.918000  0.860700
3.919000  0.860600
3.920000  0.860400
3.921000  0.860200
3.922000  0.860000
3.923000  0.859800
3.924000  0.859600
3.925000  0.859400
3.926000  0.859200
3.927000  0.858900
3.928000  0.858700
3.929000  0.858400
3.930000  0.858200
3.931000  0.857900
3.932000  0.857600
3.933000  0.857400
3.934000  0.857100
3.935000  0.856800
3.936000  0.856600
3.937000  0.856300
3.938000  0.856000
3.939000  0.855800
3.940000  0.855500
3.941000  0.855200
3.942000  0.854900
3.943000  0.854700
3.944000  0.854400
3.945000  0.854200
3.946000  0.854000
3.947000  0.853800
3.948000  0.853500
3.949000  0.853300
3.950000  0.853000
3.951000  0.852600
3.952000  0.852300
3.953000  0.852000
3.954000  0.851600
3.955000  0.851300
3.956000  0.851100
3.957000  0.850800
3.958000  0.850600
3.959000  0.850400
3.960000  0.850200
3.961000  0.850000
3.962000  0.849800
3.963000  0.849600
3.964000  0.849300
3.965000  0.849100
3.966000  0.848900
3.967000  0.848700
3.968000  0.848500
3.969000  0.848300
3.970000  0.848000
3.971000  0.847800
3.972000  0.847600
3.973000  0.847300
3.974000  0.847000
3.975000  0.846700
3.976000  0.846400
3.977000  0.846100
3.978000  0.845900
3.979000  0.845600
3.980000  0.845300
3.981000  0.845100
3.982000  0.844700
3.983000  0.844400
3.984000  0.844100
3.985000  0.843700
3.986000  0.843400
3.987000  0.843100
3.988000  0.842800
3.989000  0.842500
3.990000  0.842200
3.991000  0.841900
3.992000  0.841600
3.993000  0.841300
3.994000  0.840900
3.995000  0.840500
3.996000  0.840200
3.997000  0.839800
3.998000  0.839300
3.999000  0.838900
4.000000  0.838400
4.001000  0.837900
4.002000  0.837500
4.003000  0.837000
4.004000  0.836500
4.005000  0.836000
4.006000  0.835500
4.007000  0.835000
4.008000  0.834400
4.009000  0.833800
4.010000  0.833100
4.011000  0.832500
4.012000  0.831800
4.013000  0.831000
4.014000  0.830200
4.015000  0.829400
4.016000  0.828500
4.017000  0.827500
4.018000  0.826500
4.019000  0.825400
4.020000  0.824200
4.021000  0.822900
4.022000  0.821500
4.023000  0.820100
4.024000  0.818500
4.025000  0.816900
4.026000  0.815100
4.027000  0.813300
4.028000  0.811300
4.029000  0.809200
4.030000  0.807000
4.031000  0.804500
4.032000  0.801900
4.033000  0.799000
4.034000  0.796000
4.035000  0.792800
4.036000  0.789400
4.037000  0.785800
4.038000  0.781900
4.039000  0.777900
4.040000  0.773600
4.041000  0.769100
4.042000  0.764400
4.043000  0.759500
4.044000  0.754300
4.045000  0.749000
4.046000  0.743400
4.047000  0.737600
4.048000  0.731500
4.049000  0.725200
4.050000  0.718700
4.051000  0.712000
4.052000  0.705100
4.053000  0.697900
4.054000  0.690600
4.055000  0.683000
4.056000  0.675300
4.057000  0.667400
4.058000  0.659300
4.059000  0.651200
4.060000  0.642900
4.061000  0.634500
4.062000  0.626100
4.063000  0.617500
4.064000  0.608900
4.065000  0.600200
4.066000  0.591500
4.067000  0.582800
4.068000  0.574200
4.069000  0.565500
4.070000  0.556900
4.071000  0.548400
4.072000  0.539900
4.073000  0.531400
4.074000  0.523100
4.075000  0.514800
4.076000  0.506700
4.077000  0.498700
4.078000  0.490900
4.079000  0.483300
4.080000  0.475800
4.081000  0.468500
4.082000  0.461300
4.083000  0.454300
4.084000  0.447400
4.085000  0.440700
4.086000  0.434300
4.087000  0.428000
4.088000  0.421900
4.089000  0.416100
4.090000  0.410500
4.091000  0.405100
4.092000  0.399900
4.093000  0.394900
4.094000  0.390100
4.095000  0.385600
4.096000  0.381200
4.097000  0.377000
4.098000  0.373000
4.099000  0.369200
4.100000  0.365600
4.101000  0.362200
4.102000  0.358900
4.103000  0.355900
4.104000  0.353000
4.105000  0.350200
4.106000  0.347600
4.107000  0.345200
4.108000  0.342800
4.109000  0.340600
4.110000  0.338400
4.111000  0.336300
4.112000  0.334300
4.113000  0.332200
4.114000  0.330100
4.115000  0.328000
4.116000  0.325800
4.117000  0.323500
4.118000  0.321100
4.119000  0.318500
4.120000  0.315600
4.121000  0.312600
4.122000  0.309200
4.123000  0.305500
4.124000  0.301400
4.125000  0.296900
4.126000  0.291900
4.127000  0.286500
4.128000  0.280600
4.129000  0.274200
4.130000  0.267400
4.131000  0.260000
4.132000  0.252300
4.133000  0.244100
4.134000  0.235500
4.135000  0.226700
4.136000  0.217600
4.137000  0.208200
4.138000  0.198800
4.139000  0.189300
4.140000  0.179800
4.141000  0.170400
4.142000  0.161100
4.143000  0.152000
4.144000  0.143100
4.145000  0.134500
4.146000  0.126200
4.147000  0.118300
4.148000  0.110700
4.149000  0.103500
4.150000  0.096700
4.151000  0.090300
4.152000  0.084300
4.153000  0.078600
4.154000  0.073300
4.155000  0.068400
4.156000  0.063800
4.157000  0.059600
4.158000  0.055600
4.159000  0.052000
4.160000  0.048500
4.161000  0.045400
4.162000  0.042400
4.163000  0.039700
4.164000  0.037100
4.165000  0.034800
4.166000  0.032600
4.167000  0.030600
4.168000  0.028700
4.169000  0.027000
4.170000  0.025300
4.171000  0.023900
4.172000  0.022500
4.173000  0.021200
4.174000  0.020000
4.175000  0.018900
4.176000  0.017900
4.177000  0.017000
4.178000  0.016100
4.179000  0.015300
4.180000  0.014500
4.181000  0.013800
4.182000  0.013100
4.183000  0.012500
4.184000  0.011900
4.185000  0.011300
4.186000  0.010800
4.187000  0.010300
4.188000  0.009900
4.189000  0.009600
4.190000  0.009300
4.191000  0.009000
4.192000  0.008700
4.193000  0.008500
4.194000  0.008300
4.195000  0.008100
4.196000  0.008000
4.197000  0.007900
4.198000  0.007800
4.199000  0.007700
4.200000  0.007700
4.201000  0.007700
4.202000  0.007700
4.203000  0.007700
4.204000  0.007700
4.205000  0.007700
4.206000  0.007700
4.207000  0.007700
4.208000  0.007700
4.209000  0.007700
4.210000  0.007800
4.211000  0.007800
4.212000  0.007900
4.213000  0.008100
4.214000  0.008200
4.215000  0.008500
4.216000  0.008800
4.217000  0.009000
4.218000  0.009400
4.219000  0.009700
4.220000  0.010000
4.221000  0.010200
4.222000  0.010500
4.223000  0.010700
4.224000  0.010900
4.225000  0.011100
4.226000  0.011200
4.227000  0.011300
4.228000  0.011300
4.229000  0.011400
4.230000  0.011400
4.231000  0.011400
4.232000  0.011300
4.233000  0.011200
4.234000  0.011100
4.235000  0.011000
4.236000  0.010800
4.237000  0.010600
4.238000  0.010300
4.239000  0.010000
4.240000  0.009700
4.241000  0.009300
4.242000  0.008900
4.243000  0.008500
4.244000  0.008100
4.245000  0.007600
4.246000  0.007200
4.247000  0.006700
4.248000  0.006200
4.249000  0.005700
4.250000  0.005200
4.251000  0.004800
4.252000  0.004400
4.253000  0.004200
4.254000  0.004000
4.255000  0.004000
4.256000  0.004000
4.257000  0.004100
4.258000  0.004300
4.259000  0.004500
4.260000  0.004800
4.261000  0.005000
4.262000  0.005200
4.263000  0.005400
4.264000  0.005500
4.265000  0.005500
4.266000  0.005500
4.267000  0.005500
4.268000  0.005500
4.269000  0.005400
4.270000  0.005400
4.271000  0.005300
4.272000  0.005200
4.273000  0.005100
4.274000  0.005000
4.275000  0.004900
4.276000  0.004700
4.277000  0.004700
4.278000  0.004600
4.279000  0.004500
4.280000  0.004500
4.281000  0.004400
4.282000  0.004400
4.283000  0.004400
4.284000  0.004300
4.285000  0.004300
4.286000  0.004300
4.287000  0.004200
4.288000  0.004200
4.289000  0.004100
4.290000  0.004000
4.291000  0.004000
4.292000  0.003900
4.293000  0.003900
4.294000  0.003800
4.295000  0.003700
4.296000  0.003700
4.297000  0.003600
4.298000  0.003500
4.299000  0.003500
4.300000  0.003400
4.301000  0.003300
4.302000  0.003300
4.303000  0.003200
4.304000  0.003100
4.305000  0.003000
4.306000  0.002900
4.307000  0.002800
4.308000  0.002700
4.309000  0.002700
4.310000  0.002600
4.311000  0.002500
4.312000  0.002400
4.313000  0.002300
4.314000  0.002200
4.315000  0.002200
4.316000  0.002100
4.317000  0.002000
4.318000  0.001900
4.319000  0.001800
4.320000  0.001700
4.321000  0.001700
4.322000  0.001600
4.323000  0.001600
4.324000  0.001500
